episode, reward, success, duration, steps, total_steps, memory length, avg_critic_loss, avg_actor_loss
1, -12047.7208609581, 2, 10.330278886998713, 636, 25108,                                             25108, 0.0, 6273.9833984375
2, -4631.206202983856, 2, 5.343334412005788, 307, 25415,                                             25415, 0.0, 5860.138671875
3, -10365.362154722214, 2, 12.358422492005047, 760, 26175,                                             26175, 0.0, 5822.69384765625
4, -4821.579486131668, 2, 5.944461045000935, 369, 26544,                                             26544, 0.0, 5175.8115234375
5, -7546.477093696594, 2, 11.93415006500436, 713, 27257,                                             27257, 0.0, 6442.73828125
6, -4761.485266447067, 2, 5.746982099000888, 329, 27586,                                             27586, 0.0, 7138.7744140625
7, -8215.131700515747, 2, 12.735462033997464, 783, 28369,                                             28369, 0.0, 5690.9931640625
8, -8658.39009809494, 2, 12.131916837002791, 731, 29100,                                             29100, 0.0, 5569.74853515625
9, -5821.679738521576, 2, 11.731875625999237, 717, 29817,                                             29817, 0.0, 6437.19091796875
10, -9200.958238840103, 2, 12.15861383399897, 750, 30567,                                             30567, 0.0, 5358.71728515625
11, 3114.80452978611, 1, 4.278370241001539, 250, 30817,                                             30817, 0.0, 5190.1318359375
12, -6125.910183191299, 2, 7.921540789000574, 477, 31294,                                             31294, 0.0, 6716.49853515625
13, -4572.441425561905, 2, 6.541411883001274, 393, 31687,                                             31687, 0.0, 6055.8818359375
14, 411.19943526387215, 1, 9.124557682996965, 555, 32242,                                             32242, 0.0, 5421.52490234375
15, -4368.804986476898, 2, 3.7113428320008097, 212, 32454,                                             32454, 0.0, 5704.53466796875
16, -5016.408069610596, 2, 4.938587803000701, 305, 32759,                                             32759, 0.0, 5683.8173828125
17, 1046.9394421875477, 1, 11.959967577997304, 721, 33480,                                             33480, 0.0, 6024.8701171875
18, -5765.924411535263, 2, 5.315152037997905, 315, 33795,                                             33795, 0.0, 7242.15234375
19, -7778.290647268295, 2, 13.137032721999276, 805, 34600,                                             34600, 0.0, 6466.0205078125
20, -11221.857976853848, 2, 16.3483685780011, 1002, 35602,                                             35602, 0.0, 5888.17333984375
21, -4976.246134757996, 2, 6.10734064400458, 368, 35970,                                             35970, 0.0, 5068.15771484375
22, -13480.722241044044, 2, 22.356473312000162, 1385, 37355,                                             37355, 0.0, 5944.24169921875
23, -4811.631036758423, 2, 5.142236488994968, 309, 37664,                                             37664, 0.0, 4545.498046875
24, -7843.044595003128, 2, 16.341796967994014, 984, 38648,                                             38648, 0.0, 5441.63232421875
25, -6374.135133981705, 2, 12.158470328999101, 754, 39402,                                             39402, 0.0, 5257.470703125
26, -8006.817032575607, 2, 18.552030368002306, 1128, 40530,                                             40530, 0.0, 5479.2763671875
27, -5148.451643943787, 2, 7.3472816059947945, 415, 40945,                                             40945, 0.0, 4407.5703125
28, -6040.527369976044, 2, 10.727521181004704, 648, 41593,                                             41593, 0.0, 5034.7734375
29, -6027.90837931633, 2, 6.342823006998515, 385, 41978,                                             41978, 0.0, 5179.79345703125
30, -4733.827517032623, 2, 6.933417601001565, 424, 42402,                                             42402, 0.0, 4815.37548828125
31, -7055.56331205368, 2, 10.922467164004047, 663, 43065,                                             43065, 0.0, 5162.41650390625
32, -4487.3215218782425, 2, 5.514569403996575, 319, 43384,                                             43384, 0.0, 5787.3935546875
33, -6669.48024559021, 2, 10.55312147999939, 649, 44033,                                             44033, 0.0, 5140.318359375
34, -6204.155456066132, 2, 10.729374035996443, 659, 44692,                                             44692, 0.0, 4459.6083984375
35, -9560.505783855915, 2, 15.784165045995906, 974, 45666,                                             45666, 0.0, 4374.2841796875
36, -9145.274192094803, 2, 13.93534873599856, 829, 46495,                                             46495, 0.0, 4425.6142578125
37, -5155.998464345932, 2, 5.917132633003348, 346, 46841,                                             46841, 0.0, 5215.15869140625
38, -6327.073852062225, 2, 11.131423261998862, 680, 47521,                                             47521, 0.0, 4074.986328125
39, -4789.43269276619, 2, 6.539882534998469, 393, 47914,                                             47914, 0.0, 4400.60205078125
40, -4872.556290149689, 2, 10.35688745600055, 636, 48550,                                             48550, 0.0, 4121.0947265625
41, -5254.342673063278, 2, 6.693872233998263, 399, 48949,                                             48949, 0.0, 3839.031982421875
42, -7237.022194623947, 2, 11.75615986900084, 728, 49677,                                             49677, 0.0, 4403.2666015625
43, -12403.243999958038, 2, 11.33297830200172, 668, 50345,                                             50345, 0.0, 4585.05322265625
44, -6689.119874238968, 2, 10.93178220000118, 659, 51004,                                             51004, 0.0, 5199.2119140625
45, -4569.029332637787, 2, 6.341546764000668, 379, 51383,                                             51383, 0.0, 4403.763671875
46, -10830.383856356144, 2, 14.941169176003314, 899, 52282,                                             52282, 0.0, 4073.822509765625
47, -5166.620539307594, 2, 10.92884337400028, 663, 52945,                                             52945, 0.0, 3896.84423828125
48, -7800.459222793579, 2, 10.95275513499655, 677, 53622,                                             53622, 0.0, 4012.118896484375
49, -4594.997956752777, 2, 6.944588753001881, 400, 54022,                                             54022, 0.0, 3928.4130859375
50, -9304.115722179413, 2, 11.32580479799799, 676, 54698,                                             54698, 0.0, 3635.50439453125
51, -6131.198984146118, 3, 8.917146606996539, 547, 55245,                                             55245, 0.0, 4535.49658203125
52, -7746.9135892391205, 2, 11.356223552997108, 690, 55935,                                             55935, 0.0, 4036.619140625
53, -6553.3855810165405, 2, 10.758478513002046, 657, 56592,                                             56592, 0.0, 4067.097412109375
54, -6794.798713922501, 2, 7.520276969997212, 457, 57049,                                             57049, 0.0, 3502.370361328125
55, -6171.465621232986, 2, 12.552427271999477, 758, 57807,                                             57807, 0.0, 3819.03759765625
56, -5593.565908193588, 3, 8.748498874003417, 541, 58348,                                             58348, 0.0, 4168.36181640625
57, -5950.888296842575, 2, 11.151991462000296, 680, 59028,                                             59028, 0.0, 3713.868408203125
58, -4923.333302021027, 3, 8.547438567002246, 518, 59546,                                             59546, 0.0, 4001.807861328125
59, -8964.91438627243, 2, 12.132562599996163, 735, 60281,                                             60281, 0.0, 3870.39501953125
60, 2883.0726710557938, 1, 7.942911971003923, 480, 60761,                                             60761, 0.0, 3645.32177734375
61, -3914.487554550171, 2, 3.101261918003729, 162, 60923,                                             60923, 0.0, 3185.6318359375
62, -7272.402244567871, 2, 11.325612478998664, 691, 61614,                                             61614, 0.0, 3999.749755859375
63, -6970.452117681503, 2, 10.753282286001195, 653, 62267,                                             62267, 0.0, 4196.83935546875
64, -5684.13380920887, 2, 11.130351520005206, 670, 62937,                                             62937, 0.0, 3909.898193359375
65, -4629.911257266998, 2, 6.742907154999557, 401, 63338,                                             63338, 0.0, 3801.16064453125
66, -5979.390193939209, 2, 7.147109839999757, 438, 63776,                                             63776, 0.0, 3630.191162109375
67, -16808.808319985867, 2, 20.3544257570029, 1238, 65014,                                             65014, 0.0, 3673.642578125
68, -5040.510030031204, 2, 7.151102697003807, 401, 65415,                                             65415, 0.0, 3574.920166015625
69, -6312.792663574219, 2, 8.948462703003315, 544, 65959,                                             65959, 0.0, 3327.18017578125
70, -4101.261975586414, 2, 5.309339717998228, 307, 66266,                                             66266, 0.0, 3841.181884765625
71, -7790.394083976746, 2, 11.32209138500184, 682, 66948,                                             66948, 0.0, 3623.4892578125
72, -5399.500602960587, 2, 7.320811680001498, 430, 67378,                                             67378, 0.0, 3699.787841796875
73, -6420.571179628372, 2, 11.336676713995985, 675, 68053,                                             68053, 0.0, 3519.106689453125
74, -6103.679410457611, 2, 10.931200599996373, 656, 68709,                                             68709, 0.0, 3656.404052734375
75, -8738.10787987709, 2, 10.931694785998843, 654, 69363,                                             69363, 0.0, 4007.030517578125
76, -5181.070151150227, 2, 6.535874699999113, 395, 69758,                                             69758, 0.0, 4061.585693359375
77, -6673.197798967361, 2, 10.750208474993997, 648, 70406,                                             70406, 0.0, 3666.284423828125
78, -4800.953871965408, 2, 7.347800078001455, 423, 70829,                                             70829, 0.0, 4586.93896484375
79, -7299.206840515137, 2, 11.330787601000338, 684, 71513,                                             71513, 0.0, 3427.42041015625
80, -8112.954638242722, 2, 11.340644799995061, 679, 72192,                                             72192, 0.0, 3616.77734375
81, -27808.75036048889, 2, 21.54216745300073, 1323, 73515,                                             73515, 0.0, 3568.114013671875
82, -4369.476213812828, 2, 5.7382939840026665, 345, 73860,                                             73860, 0.0, 3542.787353515625
83, -6650.895030260086, 2, 10.952442121997592, 664, 74524,                                             74524, 0.0, 3886.19921875
84, -8423.180962324142, 2, 18.382069473002048, 1105, 75629,                                             75629, 0.0, 3071.54736328125
85, -10643.268591165543, 2, 13.133705271000508, 804, 76433,                                             76433, 0.0, 3594.95263671875
86, -7768.746358633041, 2, 12.963819475997298, 771, 77204,                                             77204, 0.0, 3330.117919921875
87, -7083.946972846985, 2, 11.728154974996869, 707, 77911,                                             77911, 0.0, 3155.294921875
88, 2047.969562113285, 1, 8.527088885995909, 502, 78413,                                             78413, 0.0, 3459.80078125
89, -5849.5478348731995, 2, 4.515263655994204, 259, 78672,                                             78672, 0.0, 2991.880859375
90, -13359.591587543488, 2, 29.578402211001958, 1799, 80471,                                             80471, 0.0, 3481.588134765625
91, -5427.4432228803635, 2, 10.748962580000807, 664, 81135,                                             81135, 0.0, 3519.23876953125
92, -5387.251367092133, 2, 6.921605203999206, 399, 81534,                                             81534, 0.0, 3011.63134765625
93, -6749.923251867294, 2, 12.5556728570009, 755, 82289,                                             82289, 0.0, 3685.598388671875
94, -6491.866632938385, 2, 10.753034546003619, 665, 82954,                                             82954, 0.0, 3210.099365234375
95, -6075.910904884338, 2, 7.143581120995805, 429, 83383,                                             83383, 0.0, 3098.058349609375
96, 3217.5768493413925, 1, 3.912300269003026, 232, 83615,                                             83615, 0.0, 2414.607666015625
97, -5721.250200808048, 2, 11.35439523000241, 688, 84303,                                             84303, 0.0, 2900.326171875
98, -6303.628126859665, 2, 11.129497305999394, 659, 84962,                                             84962, 0.0, 3622.147216796875
99, -5783.328364729881, 2, 12.727840640000068, 772, 85734,                                             85734, 0.0, 3025.123046875
100, -5975.855454206467, 2, 10.73190417099977, 629, 86363,                                             86363, 0.0, 3284.75830078125
101, -7194.857675552368, 2, 10.911244348004402, 650, 87013,                                             87013, 0.0, 4123.5380859375
102, -7462.899300694466, 2, 10.159154759996454, 606, 87619,                                             87619, 0.0, 3451.822509765625
103, -6004.153521716595, 2, 13.93656960100634, 832, 88451,                                             88451, 0.0, 3527.92626953125
104, -22238.91166806221, 2, 20.383019237000553, 1249, 89700,                                             89700, 0.0, 3417.792724609375
105, -15017.110384225845, 2, 21.555748953003786, 1298, 90998,                                             90998, 0.0, 3408.920166015625
106, -8691.935424685478, 2, 21.385531330997765, 1250, 92248,                                             92248, 0.0, 3265.752685546875
107, -5905.669078826904, 2, 10.550071937999746, 635, 92883,                                             92883, 0.0, 2696.860107421875
108, -8124.189821004868, 2, 19.579954039996665, 1200, 94083,                                             94083, 0.0, 3207.255615234375
109, -6409.502842307091, 2, 12.934548788995016, 779, 94862,                                             94862, 0.0, 2873.78271484375
110, -10438.604297876358, 2, 20.385556736997387, 1238, 96100,                                             96100, 0.0, 3083.3662109375
111, -20586.951773047447, 2, 38.148588516996824, 2291, 98391,                                             98391, 0.0, 3471.34228515625
112, -5608.265512704849, 2, 10.937197631996241, 647, 99038,                                             99038, 0.0, 2891.408447265625
113, -7244.067718505859, 2, 11.552217568998458, 701, 99739,                                             99739, 0.0, 3092.699462890625
114, -11974.719420790672, 2, 20.14836763600033, 1225, 100964,                                             100964, 0.0, 2705.5068359375
115, -4807.259470492601, 1, 30.802803042999585, 1872, 102836,                                             102836, 0.0, 2219.700439453125
116, -4441.465508937836, 2, 5.515681937999034, 314, 103150,                                             103150, 0.0, 2220.648193359375
117, -24970.374732136726, 4, 49.85236946799705, 3013, 106163,                                             106163, 0.0, 2506.811767578125
118, 1887.7260348796844, 1, 7.94089906100271, 472, 106635,                                             106635, 0.0, 2315.974365234375
119, -6524.327795267105, 2, 4.111933674997999, 238, 106873,                                             106873, 0.0, 2857.2998046875
120, -18903.6753192544, 2, 43.807097560005786, 2669, 109542,                                             109542, 0.0, 2538.135009765625
121, -4766.432092189789, 2, 4.907686329999706, 288, 109830,                                             109830, 0.0, 2298.05126953125
122, -15612.207015872002, 2, 26.803533179001533, 1614, 111444,                                             111444, 0.0, 2516.574951171875
123, -7823.825081586838, 2, 12.158041302995116, 718, 112162,                                             112162, 0.0, 2343.11962890625
124, -12228.685607552528, 2, 20.557017116996576, 1225, 113387,                                             113387, 0.0, 2128.777099609375
125, -10334.85310781002, 2, 25.587806092000392, 1554, 114941,                                             114941, 0.0, 2262.455810546875
126, -11265.600285768509, 2, 21.756658147998678, 1289, 116230,                                             116230, 0.0, 2364.131103515625
127, -7183.1910536289215, 2, 7.9468766290010535, 467, 116697,                                             116697, 0.0, 3180.026611328125
128, -5606.226275920868, 3, 9.521997602998454, 557, 117254,                                             117254, 0.0, 2269.862548828125
129, -10385.365000605583, 2, 18.367585479994887, 1105, 118359,                                             118359, 0.0, 2258.7822265625
130, -6753.513129711151, 2, 10.924920689001738, 642, 119001,                                             119001, 0.0, 2078.886474609375
131, -5363.481002986431, 2, 9.287308341001335, 552, 119553,                                             119553, 0.0, 2576.55517578125
132, -16594.672955095768, 2, 40.804740757004765, 2438, 121991,                                             121991, 0.0, 2300.34912109375
133, -9517.906130552292, 2, 19.949580014996172, 1170, 123161,                                             123161, 0.0, 2093.3359375
134, -9267.973123550415, 2, 20.187385796001763, 1171, 124332,                                             124332, 0.0, 2409.8037109375
135, -16651.92789709568, 2, 36.21697888700146, 2194, 126526,                                             126526, 0.0, 2334.484619140625
136, -5202.183197259903, 2, 6.917676681994635, 405, 126931,                                             126931, 0.0, 2111.1533203125
137, -17527.909963428974, 2, 37.601906698000676, 2251, 129182,                                             129182, 0.0, 2408.278564453125
138, -8875.083039283752, 2, 20.15535265300423, 1205, 130387,                                             130387, 0.0, 2147.832763671875
139, -5168.784297704697, 3, 8.345279681001557, 498, 130885,                                             130885, 0.0, 2141.135498046875
140, -14955.692755699158, 2, 35.006656964993454, 2093, 132978,                                             132978, 0.0, 2294.3720703125
141, -7368.967717885971, 2, 11.518014243003563, 682, 133660,                                             133660, 0.0, 2114.04296875
142, -6556.319413900375, 2, 9.72299469599966, 561, 134221,                                             134221, 0.0, 2416.168701171875
143, -9123.694139242172, 2, 18.147932248997677, 1055, 135276,                                             135276, 0.0, 2500.657958984375
144, -5172.5757049918175, 2, 8.759904546001053, 511, 135787,                                             135787, 0.0, 1983.4637451171875
145, -6393.680273771286, 2, 6.3142382229998475, 349, 136136,                                             136136, 0.0, 2570.636474609375
146, -9535.009796619415, 2, 18.76406588199461, 1109, 137245,                                             137245, 0.0, 2209.356689453125
147, -21341.48260164261, 2, 41.60561713700008, 2490, 139735,                                             139735, 0.0, 2095.773193359375
148, -5771.265909075737, 3, 9.324235051994037, 548, 140283,                                             140283, 0.0, 2394.71337890625
149, -10931.85626578331, 2, 34.00839612600248, 2056, 142339,                                             142339, 0.0, 2468.36865234375
150, -15315.133325338364, 3, 40.410617104003904, 2397, 144736,                                             144736, 0.0, 2207.561767578125
151, 3335.7570091336966, 1, 4.095816994995403, 222, 144958,                                             144958, 0.0, 2646.748046875
152, -2627.9744165837765, 1, 23.205284222000046, 1361, 146319,                                             146319, 0.0, 2219.438232421875
153, -20214.299233555794, 2, 32.98088774200005, 1936, 148255,                                             148255, 0.0, 2196.813232421875
154, -5383.535930156708, 2, 6.739011695994122, 391, 148646,                                             148646, 0.0, 2423.774658203125
155, -6352.086795330048, 2, 10.925133813005232, 630, 149276,                                             149276, 0.0, 2621.3193359375
156, -7070.284172534943, 3, 8.925680046995694, 504, 149780,                                             149780, 0.0, 2375.91259765625
157, -4974.020025789738, 1, 18.978659200001857, 1072, 150852,                                             150852, 0.0, 2348.5830078125
158, -5894.884433746338, 2, 2.9066399600051227, 161, 151013,                                             151013, 0.0, 1716.929931640625
159, -3559.885531425476, 1, 24.196905573997356, 1420, 152433,                                             152433, 0.0, 2065.22314453125
160, -4466.071687698364, 2, 3.908591316001548, 212, 152645,                                             152645, 0.0, 2187.1376953125
161, -16014.247240960598, 2, 40.977484265000385, 2397, 155042,                                             155042, 0.0, 2344.8408203125
162, -10067.450347661972, 2, 16.972271290003846, 1001, 156043,                                             156043, 0.0, 2853.30126953125
163, -9408.250525951385, 2, 19.378548353997758, 1137, 157180,                                             157180, 0.0, 2428.1953125
164, -14215.481827139854, 2, 29.794275136002398, 1803, 158983,                                             158983, 0.0, 2394.445556640625
165, -6562.550379276276, 2, 11.734971788995608, 695, 159678,                                             159678, 0.0, 2096.48974609375
166, -7033.742378950119, 3, 8.92979820799519, 515, 160193,                                             160193, 0.0, 1940.9385986328125
167, -15933.97834289074, 4, 50.64775472400652, 3024, 163217,                                             163217, 0.0, 2419.428955078125
168, -23317.047220766544, 4, 50.046518926996214, 2959, 166176,                                             166176, 0.0, 2225.602294921875
169, -11933.318175911903, 2, 33.3891587850012, 1952, 168128,                                             168128, 0.0, 2261.31884765625
170, -972.523899614811, 1, 22.565023961004044, 1306, 169434,                                             169434, 0.0, 1986.634033203125
171, -4812.0265164375305, 2, 7.292696676995547, 425, 169859,                                             169859, 0.0, 2095.945556640625
172, 422.22691506147385, 1, 16.54951596000319, 952, 170811,                                             170811, 0.0, 2245.203369140625
173, -13551.554507553577, 3, 34.99678648600093, 2060, 172871,                                             172871, 0.0, 2509.87841796875
174, -4071.884490609169, 3, 8.723378992996004, 499, 173370,                                             173370, 0.0, 2126.05810546875
175, -6538.1781487464905, 2, 11.730523499005358, 675, 174045,                                             174045, 0.0, 1737.328125
176, -7640.489732980728, 2, 13.155856646000757, 770, 174815,                                             174815, 0.0, 2410.008544921875
177, -13243.569001019001, 4, 50.047681527998066, 2932, 177747,                                             177747, 0.0, 2371.070556640625
178, -9165.35932713747, 3, 9.32382999100082, 528, 178275,                                             178275, 0.0, 2201.521728515625
179, -16950.678003370762, 2, 43.03967778199876, 2554, 180829,                                             180829, 0.0, 2424.237548828125
180, -15532.724158763885, 3, 39.19834100300068, 2319, 183148,                                             183148, 0.0, 2003.3016357421875
181, -11356.402732729912, 2, 18.31966755400208, 1064, 184212,                                             184212, 0.0, 2658.89404296875
182, -5761.418690860271, 2, 7.754918935002934, 444, 184656,                                             184656, 0.0, 2650.142333984375
183, -13816.139399886131, 2, 36.42129475399997, 2144, 186800,                                             186800, 0.0, 2084.096435546875
184, -6968.156870603561, 2, 8.322190836996015, 470, 187270,                                             187270, 0.0, 2998.247802734375
185, -12056.868624866009, 2, 30.20006907700008, 1764, 189034,                                             189034, 0.0, 2120.151123046875
186, -13248.793805837631, 2, 19.785905928998545, 1179, 190213,                                             190213, 0.0, 2030.858154296875
187, -14853.832948565483, 2, 35.18546205700113, 2072, 192285,                                             192285, 0.0, 1935.483154296875
188, -13898.963655531406, 2, 20.385695349003072, 1156, 193441,                                             193441, 0.0, 2452.975341796875
189, -13978.011829972267, 2, 34.816505661998235, 2036, 195477,                                             195477, 0.0, 2158.10595703125
190, -7524.468564033508, 2, 11.954187868999725, 673, 196150,                                             196150, 0.0, 2120.81005859375
191, -11617.604164600372, 3, 20.490938324997842, 1175, 197325,                                             197325, 0.0, 2305.739501953125
192, -13648.547023773193, 2, 35.20050846100639, 2044, 199369,                                             199369, 0.0, 1964.5615234375
193, -4762.058441340923, 2, 6.518972511999891, 362, 199731,                                             199731, 0.0, 2546.847412109375
194, -5247.965023994446, 3, 8.750836181003251, 505, 200236,                                             200236, 0.0, 2962.93310546875
195, -6132.669461488724, 3, 8.747307083001942, 507, 200743,                                             200743, 0.0, 1870.2567138671875
196, -20455.704769968987, 2, 32.026809455004695, 1883, 202626,                                             202626, 0.0, 2224.44775390625
197, -14742.814023256302, 2, 34.81948206599918, 2043, 204669,                                             204669, 0.0, 2269.157470703125
198, -7261.645766735077, 3, 8.750780616996053, 506, 205175,                                             205175, 0.0, 3588.95166015625
199, -5073.813585758209, 3, 8.920003528000962, 499, 205674,                                             205674, 0.0, 2539.798828125
200, -16496.304721832275, 4, 49.855424857996695, 2881, 208555,                                             208555, 0.0, 2180.270751953125
201, -11240.864201128483, 2, 29.792227416997775, 1737, 210292,                                             210292, 0.0, 2681.537353515625
202, -11543.839316010475, 2, 27.96927965699433, 1626, 211918,                                             211918, 0.0, 2289.95361328125
203, -4195.814969956875, 1, 25.773407532004057, 1499, 213417,                                             213417, 0.0, 1955.3466796875
204, -13493.589258432388, 2, 14.134678176997113, 809, 214226,                                             214226, 0.0, 2500.846923828125
205, -4886.876861214638, 3, 8.92628250800044, 496, 214722,                                             214722, 0.0, 2120.987060546875
206, -12316.863504171371, 4, 50.658778214005, 2975, 217697,                                             217697, 0.0, 2204.890869140625
207, -10752.440722107887, 2, 27.57068617799814, 1596, 219293,                                             219293, 0.0, 2299.433349609375
208, -5436.201928853989, 2, 7.140668175001338, 408, 219701,                                             219701, 0.0, 2269.234130859375
209, -5386.671522855759, 3, 8.744473571001436, 520, 220221,                                             220221, 0.0, 2928.74609375
210, -5883.318722248077, 2, 7.545965192999574, 445, 220666,                                             220666, 0.0, 2062.3173828125
211, -2002.3462449014187, 1, 25.108802253002068, 1447, 222113,                                             222113, 0.0, 2751.588134765625
212, -12521.322987675667, 4, 50.247199666002416, 2945, 225058,                                             225058, 0.0, 2395.72509765625
213, -5827.666333436966, 3, 8.96667560700007, 520, 225578,                                             225578, 0.0, 2775.096923828125
214, -14778.884591042995, 4, 49.85822310599906, 2919, 228497,                                             228497, 0.0, 2463.193115234375
215, -5290.717499375343, 2, 9.148031197997625, 529, 229026,                                             229026, 0.0, 2400.280029296875
216, -13171.763932585716, 2, 30.201318499995978, 1762, 230788,                                             230788, 0.0, 2008.251953125
217, -4458.462213754654, 2, 6.940935780003201, 386, 231174,                                             231174, 0.0, 2166.515869140625
218, -11912.316498696804, 2, 30.800143799999205, 1743, 232917,                                             232917, 0.0, 2192.832275390625
219, -11606.965049684048, 2, 33.384680061994004, 1936, 234853,                                             234853, 0.0, 2750.023681640625
220, -6878.305938720703, 3, 8.941991704996326, 517, 235370,                                             235370, 0.0, 1826.6688232421875
221, -4673.518658399582, 2, 6.4794514430031995, 366, 235736,                                             235736, 0.0, 2378.303466796875
222, -19436.282014131546, 2, 47.643122968998796, 2770, 238506,                                             238506, 0.0, 2306.34375
223, -6178.91643601656, 3, 9.321249972999794, 521, 239027,                                             239027, 0.0, 2258.1689453125
224, -6429.167729496956, 3, 8.737058660997718, 497, 239524,                                             239524, 0.0, 1905.7247314453125
225, -7123.63358771801, 3, 9.324311866999778, 517, 240041,                                             240041, 0.0, 2183.889892578125
226, 2683.8725709319115, 1, 4.542820232003578, 266, 240307,                                             240307, 0.0, 1872.7440185546875
227, -10094.871745347977, 2, 23.756361009000102, 1372, 241679,                                             241679, 0.0, 2318.69873046875
228, -8611.578005552292, 2, 21.164410441000655, 1218, 242897,                                             242897, 0.0, 2706.80859375
229, -5699.807331323624, 2, 7.545535305995145, 432, 243329,                                             243329, 0.0, 2026.62109375
230, -7980.280055761337, 3, 9.353839524002979, 536, 243865,                                             243865, 0.0, 2900.271728515625
231, -5727.076920032501, 3, 8.65854091700021, 493, 244358,                                             244358, 0.0, 2128.43017578125
232, -4836.543395996094, 2, 6.919281554997724, 392, 244750,                                             244750, 0.0, 1877.170166015625
233, -3634.8636860847473, 1, 16.56637286899786, 949, 245699,                                             245699, 0.0, 2317.718017578125
234, -5935.857826709747, 2, 7.143253492002259, 385, 246084,                                             246084, 0.0, 3364.158203125
235, -5973.204538822174, 3, 8.541588719999709, 492, 246576,                                             246576, 0.0, 2551.106689453125
236, -7426.890114426613, 2, 17.94891915199696, 1012, 247588,                                             247588, 0.0, 2382.610107421875
237, -9433.813942074776, 2, 20.784759223999572, 1195, 248783,                                             248783, 0.0, 2694.9638671875
238, -16614.86271727085, 2, 29.379571569996187, 1668, 250451,                                             250451, 0.0, 2612.27099609375
239, -4309.595117330551, 3, 8.348656998001388, 469, 250920,                                             250920, 0.0, 3310.7216796875
240, -18031.41535001993, 4, 50.053260460001184, 2849, 253769,                                             253769, 0.0, 2483.25
241, 1989.3511918783188, 1, 9.285675633997016, 537, 254306,                                             254306, 0.0, 1837.072021484375
242, -5179.457890033722, 2, 3.508074894998572, 182, 254488,                                             254488, 0.0, 2014.5321044921875
243, -4254.788450241089, 2, 6.939008578003268, 390, 254878,                                             254878, 0.0, 2206.969970703125
244, -5556.376205921173, 2, 7.719903224999143, 422, 255300,                                             255300, 0.0, 3177.82958984375
245, -7405.586691617966, 3, 8.743301064001571, 487, 255787,                                             255787, 0.0, 2321.905517578125
246, -4467.285123705864, 2, 6.943348106004123, 396, 256183,                                             256183, 0.0, 2360.149658203125
247, -5609.826686620712, 3, 8.548282622003171, 481, 256664,                                             256664, 0.0, 1786.2890625
248, -15359.522749185562, 2, 30.78193665100116, 1727, 258391,                                             258391, 0.0, 2449.8935546875
249, -18330.2235455513, 4, 50.23237916400103, 2862, 261253,                                             261253, 0.0, 2268.046630859375
250, -6687.936821460724, 3, 9.524469320000208, 536, 261789,                                             261789, 0.0, 2546.5693359375
251, -4417.617259442806, 3, 8.874513645998377, 502, 262291,                                             262291, 0.0, 1998.13525390625
252, -5635.695760250092, 3, 9.34492307400069, 527, 262818,                                             262818, 0.0, 2207.81640625
253, -5335.827286601067, 3, 8.949715597998875, 507, 263325,                                             263325, 0.0, 2020.1011962890625
254, -4976.469310283661, 2, 7.317943873997137, 398, 263723,                                             263723, 0.0, 2967.9736328125
255, -5490.322188138962, 3, 8.949885066002025, 494, 264217,                                             264217, 0.0, 3332.4716796875
256, -7436.793382644653, 2, 11.732706713999505, 674, 264891,                                             264891, 0.0, 2909.134765625
257, -13873.44293242693, 4, 50.23968134899769, 2875, 267766,                                             267766, 0.0, 2588.59130859375
258, -6038.10310292244, 3, 9.147232201001316, 514, 268280,                                             268280, 0.0, 1880.466552734375
259, -11141.379805326462, 2, 27.990002878999803, 1597, 269877,                                             269877, 0.0, 2638.16259765625
260, -5120.4146864414215, 2, 7.116549456004577, 396, 270273,                                             270273, 0.0, 2851.346923828125
261, -11312.023275136948, 2, 27.90676256200095, 1580, 271853,                                             271853, 0.0, 2248.6787109375
262, -5709.289359331131, 2, 9.952764046000084, 548, 272401,                                             272401, 0.0, 1935.1436767578125
263, -5581.203856945038, 2, 7.7459906290023355, 433, 272834,                                             272834, 0.0, 2632.426025390625
264, -4841.340537309647, 2, 5.54283456900157, 291, 273125,                                             273125, 0.0, 2033.685302734375
265, -5388.359356403351, 2, 7.144362259001355, 396, 273521,                                             273521, 0.0, 2897.075439453125
266, -23209.66076040268, 2, 25.988121525995666, 1499, 275020,                                             275020, 0.0, 2165.6708984375
267, -4097.534627914429, 2, 6.5439431150007294, 359, 275379,                                             275379, 0.0, 3309.19775390625
268, -19072.62181419134, 4, 49.826235795000684, 2820, 278199,                                             278199, 0.0, 2513.632568359375
269, -4907.000961780548, 2, 6.737820288006333, 375, 278574,                                             278574, 0.0, 2091.48583984375
270, -5568.656485557556, 2, 10.152576230000705, 572, 279146,                                             279146, 0.0, 2376.721435546875
271, -11592.821711301804, 2, 28.724429540001438, 1602, 280748,                                             280748, 0.0, 2350.0849609375
272, -19955.240722298622, 4, 49.2481130160013, 2813, 283561,                                             283561, 0.0, 2585.6455078125
273, -16835.35829770565, 2, 47.81910420799977, 2709, 286270,                                             286270, 0.0, 2443.063232421875
274, 3136.6306608319283, 1, 3.9363620479998644, 212, 286482,                                             286482, 0.0, 2049.20556640625
275, -11437.326776623726, 2, 19.179918645000726, 1050, 287532,                                             287532, 0.0, 2618.78759765625
276, -5415.656073927879, 3, 9.148705038001935, 497, 288029,                                             288029, 0.0, 2561.84765625
277, -6129.360199213028, 3, 8.957290549995378, 511, 288540,                                             288540, 0.0, 2559.68994140625
278, -6642.148379087448, 3, 8.947822424997867, 505, 289045,                                             289045, 0.0, 2582.234619140625
279, -5421.035708665848, 2, 7.343081678001909, 398, 289443,                                             289443, 0.0, 3535.88720703125
280, 3138.719869196415, 1, 4.334664522000821, 219, 289662,                                             289662, 0.0, 2564.578369140625
281, -6405.567152738571, 2, 7.875953821996518, 438, 290100,                                             290100, 0.0, 2375.9248046875
282, -13933.299736380577, 2, 32.205593210004736, 1813, 291913,                                             291913, 0.0, 2197.510498046875
283, -10887.104798197746, 1, 26.768419407999318, 1474, 293387,                                             293387, 0.0, 2338.580322265625
284, -7684.871994972229, 2, 10.526297446005628, 563, 293950,                                             293950, 0.0, 1967.267822265625
285, -10379.00756931305, 2, 20.175990403993637, 1133, 295083,                                             295083, 0.0, 3012.124755859375
286, -14409.555606245995, 2, 41.8278059669974, 2340, 297423,                                             297423, 0.0, 2647.4921875
287, -12528.921255111694, 2, 30.378130595003313, 1693, 299116,                                             299116, 0.0, 2669.0703125
288, -5931.618084430695, 3, 9.534384115999273, 508, 299624,                                             299624, 0.0, 2482.700927734375
289, -11879.14121645689, 2, 29.371211671998026, 1635, 301259,                                             301259, 0.0, 2885.6884765625
290, -6443.1130021214485, 1, 39.42688492399611, 2213, 303472,                                             303472, 0.0, 2605.53125
291, -7230.80361366272, 2, 13.25552323699958, 729, 304201,                                             304201, 0.0, 3315.840576171875
292, -7256.402451992035, 3, 9.755704732000595, 536, 304737,                                             304737, 0.0, 3096.15966796875
293, -12423.105285406113, 2, 30.174249850002525, 1686, 306423,                                             306423, 0.0, 2458.166015625
294, -14141.898120641708, 4, 49.66196381899499, 2777, 309200,                                             309200, 0.0, 2911.277587890625
295, -10639.463918447495, 2, 28.194400277003297, 1562, 310762,                                             310762, 0.0, 2699.69580078125
296, -9733.358869433403, 2, 26.997291948995553, 1485, 312247,                                             312247, 0.0, 2609.496337890625
297, -5237.219314336777, 3, 8.948701253000763, 498, 312745,                                             312745, 0.0, 2286.234375
298, -5868.096286416054, 3, 9.350991097002407, 504, 313249,                                             313249, 0.0, 2663.08251953125
299, -7090.088088989258, 3, 8.92201091300376, 483, 313732,                                             313732, 0.0, 2510.7109375
300, -17359.084215462208, 4, 50.24101552699722, 2783, 316515,                                             316515, 0.0, 2596.39501953125
301, -7260.914217233658, 2, 13.151349547995778, 731, 317246,                                             317246, 0.0, 2850.1572265625
302, -5481.258721113205, 3, 9.525552327999321, 509, 317755,                                             317755, 0.0, 2903.502197265625
303, -330.97468215227127, 1, 17.750604528999247, 976, 318731,                                             318731, 0.0, 3061.06005859375
304, -12228.350809812546, 3, 23.36060473400721, 1291, 320022,                                             320022, 0.0, 2932.45654296875
305, -396.77509701251984, 1, 16.18342925899924, 870, 320892,                                             320892, 0.0, 2777.9150390625
306, -7178.005234122276, 2, 15.539340659997833, 837, 321729,                                             321729, 0.0, 2527.59765625
307, -5666.1560661792755, 2, 9.923091784999997, 530, 322259,                                             322259, 0.0, 2004.3802490234375
308, -15954.27055311203, 4, 50.025645764995716, 2799, 325058,                                             325058, 0.0, 2207.101806640625
309, -5112.339574098587, 2, 7.150180521995935, 378, 325436,                                             325436, 0.0, 2733.540283203125
310, -14902.244093298912, 4, 49.85670699599723, 2784, 328220,                                             328220, 0.0, 2966.866455078125
311, -16979.370423197746, 4, 50.144169595994754, 2730, 330950,                                             330950, 0.0, 2702.71875
312, -10552.23568201065, 2, 14.372872200998245, 783, 331733,                                             331733, 0.0, 2188.7900390625
313, -11918.65272808075, 2, 28.77331211099954, 1611, 333344,                                             333344, 0.0, 2725.36865234375
314, -5005.172480463982, 2, 7.722727760999987, 417, 333761,                                             333761, 0.0, 3456.734619140625
315, -20318.036686062813, 2, 49.44850766599848, 2730, 336491,                                             336491, 0.0, 2952.74658203125
316, 668.7228655517101, 1, 15.364052926001023, 828, 337319,                                             337319, 0.0, 3075.01025390625
317, -15950.328342437744, 2, 39.39884043899656, 2181, 339500,                                             339500, 0.0, 2945.57177734375
318, -15768.107199251652, 2, 45.231847973002004, 2523, 342023,                                             342023, 0.0, 2448.842529296875
319, -6723.210453510284, 2, 8.121138517999498, 432, 342455,                                             342455, 0.0, 2225.072021484375
320, -5068.228122830391, 3, 8.750744431003113, 495, 342950,                                             342950, 0.0, 3037.181640625
321, -5129.249298453331, 3, 9.125467017001938, 489, 343439,                                             343439, 0.0, 1970.244140625
322, -1421.144673883915, 1, 16.16632054200454, 893, 344332,                                             344332, 0.0, 2804.689453125
323, -14402.161850571632, 2, 35.394996340000944, 1954, 346286,                                             346286, 0.0, 2339.60009765625
324, 2968.5695674419403, 1, 4.539377289998811, 232, 346518,                                             346518, 0.0, 2725.734130859375
325, -4304.131866931915, 2, 2.9080445660001715, 139, 346657,                                             346657, 0.0, 3956.1826171875
326, -8318.90489757061, 1, 42.83607061400107, 2163, 348820,                                             348820, 0.0, 2818.460693359375
327, -7174.813229799271, 2, 13.53670217999752, 709, 349529,                                             349529, 0.0, 2464.599853515625
328, -19311.64012759924, 2, 45.446583156001, 2535, 352064,                                             352064, 0.0, 3076.89599609375
329, -9153.347586631775, 2, 25.161979368000175, 1373, 353437,                                             353437, 0.0, 2373.763671875
330, 1551.7014464139938, 1, 13.538157068003784, 746, 354183,                                             354183, 0.0, 2554.52001953125
331, -3313.038256585598, 1, 26.67072721799923, 1438, 355621,                                             355621, 0.0, 2667.880615234375
332, -7416.040603518486, 2, 12.53774331099703, 567, 356188,                                             356188, 0.0, 2390.362548828125
333, -14016.46637892723, 4, 51.69046424700355, 2229, 358417,                                             358417, 0.0, 2706.460205078125
334, -6301.61728182435, 1, 40.64952839400212, 1974, 360391,                                             360391, 0.0, 1984.2991943359375
335, -6603.898152291775, 2, 14.166650367005786, 610, 361001,                                             361001, 0.0, 3528.972900390625
336, -1004.1466075181961, 1, 24.397334856003, 1118, 362119,                                             362119, 0.0, 2983.544921875
337, -1346.5348658561707, 1, 16.740936161004356, 787, 362906,                                             362906, 0.0, 2551.3330078125
338, -5783.981271088123, 2, 13.58164323100209, 568, 363474,                                             363474, 0.0, 3106.212158203125
339, -6956.884874761105, 1, 39.820332062998204, 1968, 365442,                                             365442, 0.0, 3404.72021484375
340, -9651.33456671238, 2, 16.145976362997317, 854, 366296,                                             366296, 0.0, 2891.360595703125
341, -16677.027380228043, 2, 48.69187297899771, 2718, 369014,                                             369014, 0.0, 2877.940185546875
342, -5008.215787708759, 3, 9.145148299998255, 501, 369515,                                             369515, 0.0, 3297.424072265625
343, -5393.136871337891, 2, 6.920837024998036, 363, 369878,                                             369878, 0.0, 2483.182861328125
344, -1146.3808698952198, 1, 22.586339517998567, 1194, 371072,                                             371072, 0.0, 2599.67578125
345, -11567.365097045898, 2, 20.558328539002105, 1114, 372186,                                             372186, 0.0, 3606.69580078125
346, -17260.733340501785, 4, 50.65272538400313, 2707, 374893,                                             374893, 0.0, 3330.316162109375
347, 3175.8982239961624, 1, 4.111280952995003, 206, 375099,                                             375099, 0.0, 1953.4288330078125
348, -9127.683646142483, 2, 19.35253367599944, 1024, 376123,                                             376123, 0.0, 3091.36865234375
349, -6036.635580062866, 3, 9.12775409999449, 486, 376609,                                             376609, 0.0, 2626.05224609375
350, -15409.298677265644, 4, 50.255154487000254, 2753, 379362,                                             379362, 0.0, 3052.63818359375
351, -5643.25675457716, 1, 21.24130330600019, 1130, 380492,                                             380492, 0.0, 2649.187744140625
352, -4237.138113021851, 2, 2.909457852001651, 133, 380625,                                             380625, 0.0, 3004.196533203125
353, -5798.031952142715, 2, 7.3483730890002334, 378, 381003,                                             381003, 0.0, 1454.491943359375
354, -10554.503453373909, 2, 27.36806013200112, 1458, 382461,                                             382461, 0.0, 3132.1806640625
355, -17873.039009213448, 2, 46.613190691001364, 2528, 384989,                                             384989, 0.0, 2992.763427734375
356, -10972.99224126339, 1, 42.41236392100109, 2319, 387308,                                             387308, 0.0, 3209.74462890625
357, -13241.55818772316, 2, 16.975519231004, 927, 388235,                                             388235, 0.0, 3462.272705078125
358, -15562.551947295666, 4, 49.841514614003245, 2701, 390936,                                             390936, 0.0, 2846.77294921875
359, -11556.98066174984, 2, 30.174876973003848, 1610, 392546,                                             392546, 0.0, 2961.050537109375
360, 1932.0047326087952, 1, 9.953657989004569, 524, 393070,                                             393070, 0.0, 2612.5205078125
361, -8796.603040218353, 3, 28.852940810997097, 1533, 394603,                                             394603, 0.0, 2351.5361328125
362, -8669.711417853832, 1, 42.226852959996904, 2257, 396860,                                             396860, 0.0, 3544.128662109375
363, -16766.585774302483, 4, 50.22688957599894, 2707, 399567,                                             399567, 0.0, 2945.95751953125
364, -16695.51760739088, 4, 50.662022370997875, 2772, 402339,                                             402339, 0.0, 2828.07080078125
365, -11267.873111128807, 2, 29.404213527006505, 1562, 403901,                                             403901, 0.0, 3125.708740234375
366, -12230.981577157974, 2, 27.996266733003722, 1494, 405395,                                             405395, 0.0, 2831.549560546875
367, -16774.56633090973, 2, 48.64217226699839, 2627, 408022,                                             408022, 0.0, 2420.6328125
368, 3071.554953813553, 1, 4.343678434997855, 221, 408243,                                             408243, 0.0, 2279.436767578125
369, -11343.98874437809, 2, 26.571713179000653, 1411, 409654,                                             409654, 0.0, 3505.88720703125
370, 3089.9727014303207, 1, 4.134215372003382, 213, 409867,                                             409867, 0.0, 3663.37451171875
371, -13676.605246305466, 4, 50.30615210799442, 2630, 412497,                                             412497, 0.0, 2606.880615234375
372, -13577.620564579964, 4, 49.45317997800157, 2677, 415174,                                             415174, 0.0, 3051.895751953125
373, -13711.938024818897, 4, 50.018591752996144, 2656, 417830,                                             417830, 0.0, 3100.74853515625
374, -18169.47451609373, 2, 45.24701457799529, 2380, 420210,                                             420210, 0.0, 2541.212158203125
375, -13251.08136177063, 4, 50.02651679299743, 2623, 422833,                                             422833, 0.0, 3169.902587890625
376, -12859.204171001911, 3, 38.398755911999615, 2060, 424893,                                             424893, 0.0, 3054.015869140625
377, -8302.338604450226, 2, 13.358788737998111, 716, 425609,                                             425609, 0.0, 2472.69921875
378, -15353.789526343346, 4, 49.85460347800108, 2696, 428305,                                             428305, 0.0, 2751.258056640625
379, -13378.743071973324, 4, 49.83174073600094, 2661, 430966,                                             430966, 0.0, 2877.5849609375
380, -1765.1596509218216, 1, 15.16128544700041, 798, 431764,                                             431764, 0.0, 3524.72900390625
381, -5502.317799329758, 2, 5.621149047001381, 279, 432043,                                             432043, 0.0, 3490.63427734375
382, -15321.608367323875, 3, 38.197638497003936, 1997, 434040,                                             434040, 0.0, 3294.72119140625
383, -7985.391965210438, 1, 27.7970864730014, 1466, 435506,                                             435506, 0.0, 2831.5361328125
384, -17088.680333197117, 4, 51.05383960499603, 2670, 438176,                                             438176, 0.0, 3269.516845703125
385, -464.71344393491745, 1, 14.963754093005264, 771, 438947,                                             438947, 0.0, 2975.396484375
386, -9208.777818799019, 2, 21.959539426003175, 1134, 440081,                                             440081, 0.0, 2755.130126953125
387, -684.9657354056835, 1, 19.976564317999873, 1040, 441121,                                             441121, 0.0, 3460.6875
388, -11843.481408715248, 2, 29.367057614996156, 1512, 442633,                                             442633, 0.0, 2157.357177734375
389, -5649.44239294529, 3, 9.95379694699659, 516, 443149,                                             443149, 0.0, 2730.38916015625
390, -1386.5040358603, 1, 22.755586393999693, 1154, 444303,                                             444303, 0.0, 3365.236572265625
391, -409.19862861931324, 1, 21.864556720996916, 1130, 445433,                                             445433, 0.0, 2901.77685546875
392, -13153.06072819233, 2, 31.579829476002487, 1627, 447060,                                             447060, 0.0, 2928.051025390625
393, -11390.144577920437, 2, 35.61847472200316, 1845, 448905,                                             448905, 0.0, 2723.05908203125
394, 1167.9229751229286, 1, 11.761441477996414, 597, 449502,                                             449502, 0.0, 2557.02001953125
395, 1005.2304808497429, 1, 12.13101208399894, 611, 450113,                                             450113, 0.0, 3089.9990234375
396, -12118.579361855984, 4, 50.43455485499726, 2617, 452730,                                             452730, 0.0, 3159.84765625
397, -14872.72820866108, 2, 49.655032527, 2568, 455298,                                             455298, 0.0, 3025.71044921875
398, -11261.593678116798, 2, 31.18352573899756, 1601, 456899,                                             456899, 0.0, 2941.368896484375
399, -12433.665184020996, 4, 50.661437325004954, 2616, 459515,                                             459515, 0.0, 2880.361328125
400, -434.1264172196388, 1, 20.976981220999733, 1102, 460617,                                             460617, 0.0, 2636.589599609375
401, -4549.388579249382, 2, 8.721323441001005, 428, 461045,                                             461045, 0.0, 2585.458740234375
402, -729.6945261955261, 1, 20.95179286599887, 1055, 462100,                                             462100, 0.0, 3113.020263671875
403, -5615.033883154392, 2, 9.952848737004388, 517, 462617,                                             462617, 0.0, 3213.334228515625
404, -4933.2230043411255, 2, 7.117333130998304, 362, 462979,                                             462979, 0.0, 3791.794189453125
405, -9706.682417809963, 2, 26.5729486870041, 1376, 464355,                                             464355, 0.0, 3401.135986328125
406, -12001.366995811462, 4, 50.22794541300391, 2597, 466952,                                             466952, 0.0, 3096.18994140625
407, -4935.250494003296, 3, 9.12900096100202, 461, 467413,                                             467413, 0.0, 3213.8232421875
408, 1457.5500980615616, 1, 13.565242183998635, 700, 468113,                                             468113, 0.0, 3029.2490234375
409, -13641.328185379505, 2, 40.42960971999855, 2101, 470214,                                             470214, 0.0, 3318.712158203125
410, -8889.82386469841, 2, 25.366012318001594, 1334, 471548,                                             471548, 0.0, 3100.82470703125
411, 595.7769868373871, 1, 14.406659070999012, 734, 472282,                                             472282, 0.0, 2566.345703125
412, -7530.691693067551, 2, 15.136947922001127, 779, 473061,                                             473061, 0.0, 3314.825439453125
413, -1413.0809447169304, 1, 16.17137294800341, 854, 473915,                                             473915, 0.0, 2771.045166015625
414, -13759.091413289309, 4, 50.228715017998184, 2671, 476586,                                             476586, 0.0, 3038.266845703125
415, -12850.74013799429, 3, 41.83230121900124, 2190, 478776,                                             478776, 0.0, 3233.568359375
416, -8034.803794682026, 3, 21.980954474995087, 1176, 479952,                                             479952, 0.0, 2923.501708984375
417, -10191.993462562561, 2, 29.599848679004936, 1583, 481535,                                             481535, 0.0, 3159.9609375
418, 3134.352428793907, 1, 4.339352151997446, 221, 481756,                                             481756, 0.0, 4075.246826171875
419, -6105.601475015283, 1, 34.01776904799772, 1759, 483515,                                             483515, 0.0, 3360.59912109375
420, -6057.397931337357, 3, 11.929656074004015, 615, 484130,                                             484130, 0.0, 3048.183837890625
421, -8367.105596899986, 3, 20.957678181999654, 1101, 485231,                                             485231, 0.0, 3122.7080078125
422, -11939.828807115555, 4, 50.256227304002095, 2627, 487858,                                             487858, 0.0, 3078.712890625
423, -11707.787053883076, 4, 49.44826754499809, 2608, 490466,                                             490466, 0.0, 3023.738037109375
424, -14010.591594994068, 4, 50.02446118200169, 2607, 493073,                                             493073, 0.0, 3959.83740234375
425, -17494.000026106834, 2, 50.25482534499315, 2604, 495677,                                             495677, 0.0, 3079.81005859375
426, -7928.039209365845, 2, 19.552746675995877, 1012, 496689,                                             496689, 0.0, 2899.5673828125
427, -5754.020550966263, 2, 8.14897818800091, 419, 497108,                                             497108, 0.0, 3658.82373046875
428, -5957.361785173416, 3, 9.72594681999908, 481, 497589,                                             497589, 0.0, 3023.377685546875
429, -5620.493277311325, 3, 8.950469176001207, 456, 498045,                                             498045, 0.0, 1844.927734375
430, -12544.685693204403, 3, 38.82078324000031, 2006, 500051,                                             500051, 0.0, 3089.862548828125
431, -2215.3598170280457, 1, 27.98488437299966, 1434, 501485,                                             501485, 0.0, 3389.191162109375
432, -18198.960053503513, 2, 50.43096812200383, 2631, 504116,                                             504116, 0.0, 3398.72705078125
433, -13456.449145197868, 4, 49.84664286000043, 2626, 506742,                                             506742, 0.0, 3486.220947265625
434, -78.34400129318237, 1, 21.157862356005353, 1093, 507835,                                             507835, 0.0, 3487.494873046875
435, 228.38961270451546, 1, 9.36535495899443, 489, 508324,                                             508324, 0.0, 2879.713623046875
436, -18053.846657037735, 2, 46.01935978500114, 2371, 510695,                                             510695, 0.0, 2871.91455078125
437, -15694.625417351723, 4, 50.05629836900334, 2604, 513299,                                             513299, 0.0, 3063.2734375
438, 2125.736942052841, 1, 8.350755218001723, 424, 513723,                                             513723, 0.0, 2565.894775390625
439, -11897.760535031557, 2, 42.00476026799879, 2150, 515873,                                             515873, 0.0, 2811.26708984375
440, -9858.213061451912, 2, 15.346331847002148, 768, 516641,                                             516641, 0.0, 2394.761962890625
441, -14015.435342371464, 4, 50.58255964900309, 2662, 519303,                                             519303, 0.0, 3044.976806640625
442, -12329.437605142593, 2, 28.781406997004524, 1454, 520757,                                             520757, 0.0, 3792.146240234375
443, -12403.916616618633, 3, 41.232303548000345, 2141, 522898,                                             522898, 0.0, 3288.64111328125
444, -13880.586260855198, 4, 50.25999924200005, 2550, 525448,                                             525448, 0.0, 3219.075439453125
445, -4881.727506875992, 2, 5.944269849002012, 290, 525738,                                             525738, 0.0, 3513.3095703125
446, -11730.47738456726, 4, 50.22315366600378, 2560, 528298,                                             528298, 0.0, 2749.5478515625
447, -5842.83406150341, 2, 10.150401865001186, 505, 528803,                                             528803, 0.0, 3288.357177734375
448, -5615.959759473801, 2, 7.71916817699821, 387, 529190,                                             529190, 0.0, 2871.539794921875
449, 3200.9784975647926, 1, 3.9432833359969663, 193, 529383,                                             529383, 0.0, 2256.093017578125
450, -5990.8467655181885, 2, 7.720508860002155, 384, 529767,                                             529767, 0.0, 2019.04931640625
451, -5036.350513458252, 2, 6.866639640000358, 351, 530118,                                             530118, 0.0, 3026.797119140625
452, -12052.597753107548, 2, 34.787660477995814, 1717, 531835,                                             531835, 0.0, 3093.326416015625
453, -5066.290586471558, 3, 9.148276453001017, 456, 532291,                                             532291, 0.0, 3094.559814453125
454, -4547.543147563934, 2, 7.119397622998804, 344, 532635,                                             532635, 0.0, 3906.685302734375
455, -16945.949907183647, 4, 50.4715942010007, 2532, 535167,                                             535167, 0.0, 2616.768310546875
456, -5239.646575808525, 3, 9.519547556999896, 476, 535643,                                             535643, 0.0, 2876.80517578125
457, -78.58347362279892, 1, 22.582011487000273, 1102, 536745,                                             536745, 0.0, 3171.566162109375
458, 425.6568197607994, 1, 20.952140431996668, 1041, 537786,                                             537786, 0.0, 2981.77685546875
459, -13096.5918405056, 2, 25.59919323199574, 1291, 539077,                                             539077, 0.0, 3325.77099609375
460, -1457.751295775175, 1, 23.958377973001916, 1196, 540273,                                             540273, 0.0, 3642.052734375
461, -12903.843404591084, 2, 32.96889443300461, 1676, 541949,                                             541949, 0.0, 3031.373291015625
462, -4320.4196870327, 2, 9.329404301002796, 455, 542404,                                             542404, 0.0, 2394.53955078125
463, -110.11989921331406, 1, 22.38708773200051, 1140, 543544,                                             543544, 0.0, 3504.801513671875
464, -10969.163499712944, 2, 22.962653798000247, 1179, 544723,                                             544723, 0.0, 2945.401123046875
465, -8212.808155179024, 3, 21.983620058999804, 1123, 545846,                                             545846, 0.0, 3400.146728515625
466, -8323.86456489563, 2, 19.350094402005197, 971, 546817,                                             546817, 0.0, 2776.736083984375
467, 2548.710681349039, 1, 8.353879285998119, 409, 547226,                                             547226, 0.0, 2500.945068359375
468, -19655.954835534096, 2, 43.20787128899974, 2200, 549426,                                             549426, 0.0, 3307.981201171875
469, -7506.120914578438, 2, 15.571930012003577, 794, 550220,                                             550220, 0.0, 3354.746337890625
470, -12771.457640349865, 4, 49.84714851099852, 2554, 552774,                                             552774, 0.0, 3413.36767578125
471, -14165.13937985897, 4, 49.99817654999788, 2552, 555326,                                             555326, 0.0, 2991.188232421875
472, -6786.017459273338, 2, 13.367524289002176, 662, 555988,                                             555988, 0.0, 3195.923828125
473, -4967.1792877316475, 2, 7.355128768002032, 371, 556359,                                             556359, 0.0, 6775.3564453125
474, -17338.530899763107, 2, 48.221488781004155, 2405, 558764,                                             558764, 0.0, 2673.153564453125
475, -14159.761323451996, 4, 50.86041743000533, 2536, 561300,                                             561300, 0.0, 3616.16796875
476, -5621.325132846832, 2, 8.349705972002994, 420, 561720,                                             561720, 0.0, 4326.50048828125
477, -5309.941091537476, 2, 7.7247178930047085, 380, 562100,                                             562100, 0.0, 2833.283447265625
478, -912.9041242003441, 1, 23.378620310999395, 1168, 563268,                                             563268, 0.0, 3217.719970703125
479, -9183.31546843052, 2, 31.981914607000363, 1568, 564836,                                             564836, 0.0, 3349.953125
480, -13507.942441105843, 2, 30.589187906000006, 1504, 566340,                                             566340, 0.0, 3742.565185546875
481, -13381.200303912163, 3, 41.1095945929992, 2018, 568358,                                             568358, 0.0, 2727.033447265625
482, -2905.7729766368866, 1, 23.987899161002133, 1192, 569550,                                             569550, 0.0, 2900.180908203125
483, -13580.523102581501, 2, 35.3911486950019, 1803, 571353,                                             571353, 0.0, 3401.798828125
484, -10483.634690403938, 3, 29.007076378999045, 1472, 572825,                                             572825, 0.0, 2847.9443359375
485, 3135.588016152382, 1, 4.1107465449968, 201, 573026,                                             573026, 0.0, 2195.99755859375
486, -20662.147157609463, 4, 50.06066346100124, 2575, 575601,                                             575601, 0.0, 3078.840087890625
487, -3971.47062343359, 1, 23.16037522600527, 1178, 576779,                                             576779, 0.0, 3393.263916015625
488, -11795.310685276985, 2, 36.3955214460002, 1867, 578646,                                             578646, 0.0, 3130.949951171875
489, -3236.0055983662605, 1, 26.99438361799548, 1363, 580009,                                             580009, 0.0, 3718.64794921875
490, -18408.585046827793, 3, 47.65334404599707, 2417, 582426,                                             582426, 0.0, 3318.8408203125
491, -7324.623679280281, 2, 17.929097646003356, 886, 583312,                                             583312, 0.0, 3030.906494140625
492, -12583.802365362644, 3, 40.22800502800237, 1998, 585310,                                             585310, 0.0, 3982.75634765625
493, -14625.317859649658, 4, 49.86603083099908, 2463, 587773,                                             587773, 0.0, 3191.726806640625
494, -12960.760400533676, 4, 50.052212438000424, 2458, 590231,                                             590231, 0.0, 3081.048095703125
495, -7979.377973079681, 3, 21.15073121599562, 1041, 591272,                                             591272, 0.0, 3198.958251953125
496, -11628.074579000473, 2, 34.42387868199876, 1716, 592988,                                             592988, 0.0, 3198.298583984375
497, 453.6280615031719, 1, 18.97404797100171, 945, 593933,                                             593933, 0.0, 3350.978515625
498, -2488.474042713642, 1, 26.16472489699663, 1314, 595247,                                             595247, 0.0, 3322.74658203125
499, -4269.201993703842, 3, 5.919087338996178, 275, 595522,                                             595522, 0.0, 2718.46826171875
500, -14582.78523683548, 2, 37.59747434000019, 1898, 597420,                                             597420, 0.0, 3152.05908203125
501, 3309.913415402174, 1, 4.098244050001085, 191, 597611,                                             597611, 0.0, 1745.693359375
502, -9199.335705161095, 2, 24.765644847997464, 1254, 598865,                                             598865, 0.0, 3358.568603515625
503, -395.88217282295227, 1, 22.39067367700045, 1114, 599979,                                             599979, 0.0, 3416.534912109375
504, -6253.43606621027, 3, 20.18057638099708, 1049, 601028,                                             601028, 0.0, 2966.16455078125
505, -12843.820143938065, 4, 51.03228946799936, 2550, 603578,                                             603578, 0.0, 3532.906982421875
506, -6305.161388158798, 2, 11.75884113900247, 586, 604164,                                             604164, 0.0, 2859.79931640625
507, 1943.581301689148, 1, 10.757182437002484, 543, 604707,                                             604707, 0.0, 2974.18115234375
508, -8900.405000388622, 3, 27.37166464800248, 1356, 606063,                                             606063, 0.0, 2614.55859375
509, -6128.528514146805, 2, 11.953150742003345, 601, 606664,                                             606664, 0.0, 3188.54931640625
510, -10391.514110445976, 2, 35.38965714900405, 1773, 608437,                                             608437, 0.0, 3043.623779296875
511, -9274.195357829332, 2, 19.818504435999785, 938, 609375,                                             609375, 0.0, 3963.126953125
512, -20302.117639124393, 2, 46.82848894399649, 2121, 611496,                                             611496, 0.0, 3075.5400390625
513, -12076.159445405006, 4, 50.05508169300447, 2455, 613951,                                             613951, 0.0, 2873.039306640625
514, -5844.764037370682, 2, 10.329029752007045, 496, 614447,                                             614447, 0.0, 3419.914794921875
515, -15339.29482203722, 2, 43.44654514099966, 2062, 616509,                                             616509, 0.0, 4043.9912109375
516, -13538.355632662773, 2, 39.824338012003864, 1967, 618476,                                             618476, 0.0, 3135.808349609375
517, -8208.059154748917, 2, 20.395846393003012, 929, 619405,                                             619405, 0.0, 3074.7255859375
518, -5130.485177278519, 2, 7.120841645999462, 338, 619743,                                             619743, 0.0, 3222.0361328125
519, -11144.443730413914, 4, 50.04091677699762, 2378, 622121,                                             622121, 0.0, 3235.30078125
520, 1656.0340278744698, 1, 12.564082810997206, 565, 622686,                                             622686, 0.0, 3579.041015625
521, -4370.824506521225, 2, 5.400143571998342, 247, 622933,                                             622933, 0.0, 2709.1220703125
522, -5979.80904853344, 2, 10.36812844999804, 477, 623410,                                             623410, 0.0, 2492.39404296875
523, -14063.604289889336, 3, 42.00639758000034, 2030, 625440,                                             625440, 0.0, 3353.702880859375
524, -7198.952502012253, 3, 9.528853194999101, 475, 625915,                                             625915, 0.0, 4658.12060546875
525, -10142.376399695873, 4, 50.2275419150028, 2445, 628360,                                             628360, 0.0, 3597.9716796875
526, -7389.548632502556, 2, 19.980791836002027, 938, 629298,                                             629298, 0.0, 3012.696044921875
527, -11705.524090409279, 2, 33.592375266998715, 1653, 630951,                                             630951, 0.0, 3247.138427734375
528, -4231.70877122879, 2, 4.9393704350004555, 245, 631196,                                             631196, 0.0, 2595.028564453125
529, -7802.86606156826, 2, 12.526015608003945, 619, 631815,                                             631815, 0.0, 3966.068603515625
530, -5731.310158967972, 3, 9.729823424000642, 473, 632288,                                             632288, 0.0, 3338.333984375
531, -13516.760859370232, 4, 50.55165250199934, 2530, 634818,                                             634818, 0.0, 3270.650390625
532, -5323.54506444931, 1, 33.01171622599941, 1614, 636432,                                             636432, 0.0, 3998.388671875
533, -17926.014813661575, 2, 33.79431617499358, 1629, 638061,                                             638061, 0.0, 3128.464111328125
534, -15780.38208514452, 2, 46.63105491800525, 2273, 640334,                                             640334, 0.0, 3421.795654296875
535, -4885.5850949287415, 3, 9.72725837699545, 479, 640813,                                             640813, 0.0, 4087.913818359375
536, -5427.145076274872, 3, 8.543928533996223, 419, 641232,                                             641232, 0.0, 2833.89404296875
537, 1618.7302533239126, 1, 13.561650994997763, 692, 641924,                                             641924, 0.0, 2686.425048828125
538, -13647.493483006954, 2, 38.59646091600007, 1931, 643855,                                             643855, 0.0, 3348.60302734375
539, -12335.272498905659, 4, 50.035078725995845, 2518, 646373,                                             646373, 0.0, 3354.1591796875
540, -5014.920056939125, 2, 7.920583122999233, 388, 646761,                                             646761, 0.0, 3564.235107421875
541, -189.25783866643906, 1, 22.088244810001925, 1087, 647848,                                             647848, 0.0, 3300.668701171875
542, -12161.70457571745, 2, 33.18748336600402, 1616, 649464,                                             649464, 0.0, 3560.177978515625
