episode, reward, success, duration, steps, total_steps, memory length, avg_critic_loss, avg_actor_loss
1, -4216.59178519249, 2, 14.185885939999935, 264, 25011,                                             25011, 13.384695053100586, 311.3109436035156
2, -6901.925823330879, 2, 41.346415108999736, 796, 25807,                                             25807, 13.794554710388184, 316.6714172363281
3, -3165.807859182358, 2, 11.53599246900012, 251, 26058,                                             26058, 14.23641586303711, 319.39398193359375
4, -3738.1255207061768, 2, 19.581373488999816, 346, 26404,                                             26404, 13.333545684814453, 315.9840087890625
5, -4023.312256217003, 3, 30.713262523999674, 600, 27004,                                             27004, 13.88842487335205, 316.5950622558594
6, -4972.944244027138, 4, 61.94810900699986, 1226, 28230,                                             28230, 13.220776557922363, 314.0655212402344
7, -2466.543105840683, 2, 7.151348147000135, 131, 28361,                                             28361, 13.196395874023438, 314.5091552734375
8, -140.16742712259293, 1, 36.54277773500007, 718, 29079,                                             29079, 13.156935691833496, 314.1898193359375
9, -2359.250677585602, 3, 2.5000469659999, 43, 29122,                                             29122, 12.615118980407715, 307.90142822265625
10, 969.4469593763351, 1, 18.588903590999962, 385, 29507,                                             29507, 13.078400611877441, 313.7330627441406
11, -4210.247249662876, 2, 18.67312533700033, 341, 29848,                                             29848, 12.868898391723633, 317.3724670410156
12, -2864.649848163128, 2, 15.382598233999943, 294, 30142,                                             30142, 13.417789459228516, 319.3419494628906
13, -10258.323548138142, 4, 60.696761826000056, 1246, 31388,                                             31388, 14.245195388793945, 325.7870178222656
14, 1913.7310681939125, 1, 17.97228779299985, 289, 31677,                                             31677, 13.964455604553223, 326.86077880859375
15, -5724.25838124752, 4, 62.461584335000225, 1234, 32911,                                             32911, 13.764236450195312, 321.89324951171875
16, -3318.2481437921524, 2, 23.825548604000232, 374, 33285,                                             33285, 13.428589820861816, 316.1849365234375
17, -6164.803806245327, 2, 53.130582380000305, 1020, 34305,                                             34305, 13.093579292297363, 314.8443603515625
18, -5147.635352730751, 2, 30.14125331700052, 502, 34807,                                             34807, 13.319445610046387, 315.9258728027344
19, -3385.0995104312897, 3, 14.95759578399975, 220, 35027,                                             35027, 12.794410705566406, 320.8511657714844
20, -3075.8342710733414, 2, 13.072846978000598, 185, 35212,                                             35212, 12.134295463562012, 316.8487548828125
21, -4184.244809687138, 2, 26.28426576000038, 456, 35668,                                             35668, 13.00192642211914, 316.9359436035156
22, -2730.8126697540283, 2, 7.3248419159999685, 130, 35798,                                             35798, 13.2128267288208, 316.2060546875
23, 2276.7224279642105, 1, 12.626764585999808, 199, 35997,                                             35997, 13.258399963378906, 318.40924072265625
24, -3454.909051179886, 2, 7.5602781480001795, 129, 36126,                                             36126, 13.6963529586792, 319.6193542480469
25, 831.5812323093414, 1, 31.216305493999243, 562, 36688,                                             36688, 13.514723777770996, 318.8542175292969
26, -4285.086458683014, 2, 33.67959104300007, 549, 37237,                                             37237, 13.254142761230469, 316.5187683105469
27, -5917.726217806339, 2, 34.82165736800016, 643, 37880,                                             37880, 13.030952453613281, 315.77783203125
28, -3130.1328770518303, 2, 20.32820091600024, 287, 38167,                                             38167, 13.036561965942383, 318.36883544921875
29, 1473.7158344984055, 1, 19.572809063000022, 341, 38508,                                             38508, 13.36707592010498, 317.4738464355469
30, -3232.0712470412254, 3, 12.861662072999934, 222, 38730,                                             38730, 13.111316680908203, 312.49957275390625
31, -4472.139934420586, 2, 38.60531454200009, 667, 39397,                                             39397, 12.94930362701416, 314.788330078125
32, -3494.5597203969955, 2, 24.83747979799955, 344, 39741,                                             39741, 12.680495262145996, 316.7813415527344
33, -6013.103089630604, 2, 31.337043305000407, 465, 40206,                                             40206, 12.905695915222168, 313.99346923828125
34, 1722.4187991023064, 1, 24.201313206000123, 334, 40540,                                             40540, 13.401460647583008, 317.4697265625
35, -6198.733591854572, 2, 38.19997040199996, 542, 41082,                                             41082, 13.340995788574219, 314.9028015136719
36, 1956.527448117733, 1, 18.01153659299962, 260, 41342,                                             41342, 13.137231826782227, 314.80609130859375
37, 1250.4154257178307, 1, 26.378289621000476, 437, 41779,                                             41779, 13.533302307128906, 316.9682922363281
38, -5104.076944112778, 2, 44.26232166999944, 787, 42566,                                             42566, 13.370430946350098, 316.4779357910156
39, -4493.794975876808, 3, 30.381631938000282, 544, 43110,                                             43110, 12.751688957214355, 313.3348083496094
40, 2085.384558558464, 1, 10.580283702999623, 198, 43308,                                             43308, 14.470117568969727, 316.5970153808594
41, -2677.3917379379272, 2, 4.663137688000461, 82, 43390,                                             43390, 13.18011474609375, 310.6239013671875
42, -538.0774155259132, 1, 35.84340839699962, 671, 44061,                                             44061, 13.30789852142334, 317.50958251953125
43, -5495.381328642368, 2, 49.26408816099956, 943, 45004,                                             45004, 13.595878601074219, 314.775634765625
44, -3135.417811512947, 2, 12.572871154000495, 238, 45242,                                             45242, 13.329419136047363, 315.1681213378906
45, -3099.423085331917, 2, 16.575436334999722, 320, 45562,                                             45562, 13.757110595703125, 315.2187194824219
46, -2649.683911204338, 2, 7.118039834000228, 132, 45694,                                             45694, 13.210186958312988, 311.480224609375
47, -4198.169437527657, 2, 28.816153249999843, 550, 46244,                                             46244, 13.80291748046875, 313.3063659667969
48, -2753.2383979558945, 2, 11.19165412700022, 210, 46454,                                             46454, 13.51492977142334, 312.64154052734375
49, 1458.286079108715, 1, 9.961808529999871, 187, 46641,                                             46641, 13.911917686462402, 314.2400817871094
50, -3783.891583800316, 2, 23.964734884999416, 462, 47103,                                             47103, 13.290168762207031, 312.6668395996094
51, 2173.088327884674, 1, 10.865656836000198, 209, 47312,                                             47312, 13.405928611755371, 312.6402282714844
52, -10.077555775642395, 1, 40.03167312599999, 783, 48095,                                             48095, 13.864034652709961, 312.7125549316406
53, -3492.1715312600136, 2, 22.96779870299997, 441, 48536,                                             48536, 13.686848640441895, 312.5109558105469
54, -3312.531089067459, 3, 19.208963166999638, 353, 48889,                                             48889, 13.701241493225098, 310.8168029785156
55, 2181.688283085823, 1, 11.93384365700058, 225, 49114,                                             49114, 14.334386825561523, 310.7562255859375
56, -2912.523902595043, 3, 7.565345175999937, 143, 49257,                                             49257, 13.900437355041504, 312.02667236328125
57, 683.1289539337158, 1, 25.805397778999577, 509, 49766,                                             49766, 13.555856704711914, 310.75372314453125
58, -3243.759395956993, 3, 8.320912105999923, 161, 49927,                                             49927, 13.417752265930176, 313.2947998046875
59, 1659.1453927755356, 1, 16.58205917000032, 307, 50234,                                             50234, 14.041898727416992, 309.74078369140625
60, -2886.202224969864, 3, 7.951107582999612, 148, 50382,                                             50382, 14.964726448059082, 311.58599853515625
61, 967.0168952643871, 1, 17.3648334720001, 331, 50713,                                             50713, 14.043600082397461, 312.6878662109375
62, 1586.041294336319, 1, 8.723739777999981, 171, 50884,                                             50884, 14.023015022277832, 311.2586975097656
63, 2222.404469907284, 1, 9.766794927999399, 190, 51074,                                             51074, 14.647093772888184, 309.4220275878906
64, 2117.5959163606167, 1, 10.37162633600019, 198, 51272,                                             51272, 14.709073066711426, 309.71844482421875
65, -2498.892835855484, 2, 3.709303669000292, 67, 51339,                                             51339, 14.153398513793945, 306.0625305175781
66, 2113.3818755298853, 1, 14.172567264000463, 270, 51609,                                             51609, 15.091252326965332, 308.7026672363281
67, 781.163562566042, 1, 21.55725475500003, 422, 52031,                                             52031, 14.688258171081543, 307.7091064453125
68, -2891.1460171937943, 3, 8.764219046000107, 175, 52206,                                             52206, 14.029932975769043, 307.60906982421875
69, 1909.6125713586807, 1, 15.771143601999938, 297, 52503,                                             52503, 14.439269065856934, 305.7628479003906
70, -3349.7826161384583, 2, 5.315204743999857, 102, 52605,                                             52605, 15.450491905212402, 309.6602783203125
71, -7436.03523671627, 3, 37.151121578999664, 701, 53306,                                             53306, 14.70785140991211, 307.67547607421875
72, -3754.0264570713043, 3, 22.759603913999854, 415, 53721,                                             53721, 14.943278312683105, 309.0262756347656
73, -4367.933031797409, 3, 32.418911530000514, 606, 54327,                                             54327, 14.981171607971191, 308.7003479003906
74, 1109.6974134743214, 1, 20.761001832000147, 381, 54708,                                             54708, 15.083873748779297, 308.44647216796875
75, -439.15720921754837, 1, 26.616031153999756, 514, 55222,                                             55222, 15.381285667419434, 308.3996276855469
76, -3401.7773983478546, 2, 8.925081342999874, 173, 55395,                                             55395, 15.62686538696289, 311.1484375
77, 1636.1514556407928, 1, 18.985585368999637, 351, 55746,                                             55746, 15.014655113220215, 305.7263488769531
78, -2624.1332018375397, 2, 4.711954469000375, 86, 55832,                                             55832, 15.945958137512207, 303.7299499511719
79, -3024.6272045373917, 2, 13.945504719999917, 260, 56092,                                             56092, 15.296277046203613, 308.40032958984375
80, -3794.066947042942, 2, 15.583282330000657, 295, 56387,                                             56387, 14.293006896972656, 306.2568054199219
81, -2617.436920642853, 2, 6.975442680999549, 125, 56512,                                             56512, 14.663056373596191, 304.88446044921875
82, 1725.4879212379456, 1, 15.96875078999983, 307, 56819,                                             56819, 15.42405891418457, 306.2977294921875
83, -3032.948129296303, 2, 17.94908038199992, 343, 57162,                                             57162, 15.619166374206543, 305.9710388183594
84, 2172.1184057593346, 1, 8.364241287000368, 159, 57321,                                             57321, 15.903902053833008, 302.0655212402344
85, 1760.9528037309647, 1, 12.367133443999592, 239, 57560,                                             57560, 15.031991958618164, 304.6087951660156
86, -2511.3981090188026, 3, 6.150692627999888, 118, 57678,                                             57678, 15.586771011352539, 303.9414978027344
87, 1875.5837122797966, 1, 16.143377114999566, 295, 57973,                                             57973, 14.723882675170898, 300.6925048828125
88, 2160.903183877468, 1, 14.168092971000078, 266, 58239,                                             58239, 15.349344253540039, 299.05706787109375
89, -2648.469421327114, 3, 12.571148296000501, 233, 58472,                                             58472, 15.45266056060791, 301.65924072265625
90, 1952.221960067749, 1, 14.36538527599987, 257, 58729,                                             58729, 14.971953392028809, 301.3938293457031
91, -2633.6815161705017, 2, 8.265880787999777, 147, 58876,                                             58876, 15.157013893127441, 296.5386962890625
92, 1935.4375233650208, 1, 14.974188825000056, 273, 59149,                                             59149, 15.182543754577637, 301.143798828125
93, -3924.0217250585556, 3, 27.37018521600021, 512, 59661,                                             59661, 15.086771011352539, 297.5259704589844
94, 2016.8130616545677, 1, 14.581556322000324, 270, 59931,                                             59931, 16.11652374267578, 299.6712646484375
95, 2003.8886019587517, 1, 10.331184059000407, 191, 60122,                                             60122, 15.152115821838379, 294.82086181640625
96, 1976.8023218512535, 1, 18.586764128999675, 340, 60462,                                             60462, 15.96556282043457, 296.8215637207031
97, 1334.544330060482, 1, 24.80427759000031, 451, 60913,                                             60913, 15.542576789855957, 299.61981201171875
98, -2853.3067989349365, 2, 11.727849626000534, 213, 61126,                                             61126, 15.782544136047363, 295.5667724609375
99, -2753.005996286869, 2, 7.161776015000214, 130, 61256,                                             61256, 14.99241828918457, 297.4388732910156
100, -2899.201605319977, 2, 10.36348856099994, 174, 61430,                                             61430, 16.24338150024414, 297.9189758300781
101, 2379.4607852697372, 1, 4.788978161999694, 84, 61514,                                             61514, 15.289925575256348, 296.98724365234375
102, 2110.8939655423164, 1, 9.328963670000121, 165, 61679,                                             61679, 16.06060218811035, 297.05133056640625
103, -2586.2419599294662, 3, 8.185092702000475, 146, 61825,                                             61825, 16.38364601135254, 296.4697570800781
104, 1626.3591117858887, 1, 11.326668785000038, 199, 62024,                                             62024, 15.074167251586914, 293.34649658203125
105, -5876.7747901678085, 2, 39.411146405999716, 741, 62765,                                             62765, 16.54195213317871, 296.26092529296875
106, 2311.8747559189796, 1, 5.9596312009998655, 108, 62873,                                             62873, 18.012441635131836, 295.2074890136719
107, 1650.6478782892227, 1, 15.741212780999376, 276, 63149,                                             63149, 15.740681648254395, 295.19384765625
108, -3882.0794278383255, 2, 13.57778853400032, 246, 63395,                                             63395, 16.275482177734375, 294.6276550292969
109, 2057.1612190902233, 1, 15.171065823999925, 271, 63666,                                             63666, 16.264074325561523, 295.6614074707031
110, -2986.1511347293854, 2, 6.754058741000335, 113, 63779,                                             63779, 16.162864685058594, 290.8658752441406
111, 2035.6867084801197, 1, 14.716009300000223, 267, 64046,                                             64046, 16.191556930541992, 294.2902526855469
112, 1863.501606374979, 1, 14.978069643999333, 271, 64317,                                             64317, 15.821694374084473, 294.40130615234375
113, -2493.8647713661194, 2, 5.912932913000077, 101, 64418,                                             64418, 16.49749755859375, 297.4707946777344
114, 2425.241024851799, 1, 4.517210869000337, 75, 64493,                                             64493, 14.499384880065918, 290.1011657714844
115, 640.8143852651119, 1, 30.181749899999886, 535, 65028,                                             65028, 16.74203872680664, 292.8262023925781
116, -2944.7622586488724, 3, 9.579734285000086, 175, 65203,                                             65203, 17.505258560180664, 295.72503662109375
117, 2275.293358504772, 1, 6.718362218000038, 115, 65318,                                             65318, 16.184078216552734, 291.44329833984375
118, -2968.1974444389343, 2, 6.95680423199974, 118, 65436,                                             65436, 15.530378341674805, 293.151123046875
119, 2050.914721727371, 1, 8.55676817299991, 147, 65583,                                             65583, 16.471847534179688, 288.2288818359375
120, 2219.1269820332527, 1, 8.921521646999281, 154, 65737,                                             65737, 16.909833908081055, 293.3559875488281
121, 1731.2990151643753, 1, 15.316169630999866, 283, 66020,                                             66020, 16.61918067932129, 291.88189697265625
122, -2341.769624233246, 2, 2.9086711990003096, 48, 66068,                                             66068, 18.746721267700195, 291.6958312988281
123, -3383.880672633648, 2, 20.01024096400033, 348, 66416,                                             66416, 16.545377731323242, 289.91748046875
124, 1866.176710486412, 1, 16.78572499299935, 292, 66708,                                             66708, 16.32878303527832, 288.4183654785156
125, -4584.400595188141, 2, 13.536325115000182, 241, 66949,                                             66949, 17.53147315979004, 292.0483703613281
126, 2056.0090542435646, 1, 12.763007268000365, 219, 67168,                                             67168, 16.709890365600586, 288.8616638183594
127, -3681.830552339554, 2, 9.95923959799984, 177, 67345,                                             67345, 16.607860565185547, 289.3734436035156
128, 2287.0800800323486, 1, 6.716622920000191, 114, 67459,                                             67459, 17.00638771057129, 287.1653137207031
129, 30.807965517044067, 1, 27.179134238000188, 483, 67942,                                             67942, 16.580535888671875, 289.9187927246094
130, 281.7205511331558, 1, 20.39032085100007, 354, 68296,                                             68296, 16.7803897857666, 291.36016845703125
131, 1645.5355681777, 1, 18.233570007000708, 309, 68605,                                             68605, 17.20400047302246, 288.1640930175781
132, 2050.4193654060364, 1, 17.39039053200031, 299, 68904,                                             68904, 16.76601791381836, 288.8361511230469
133, -2798.5665855407715, 2, 3.9104422099999283, 64, 68968,                                             68968, 18.99068260192871, 285.62615966796875
134, -3117.7090345025063, 3, 13.169391372000064, 222, 69190,                                             69190, 18.089868545532227, 286.33209228515625
135, 1984.054054260254, 1, 16.748800899000344, 275, 69465,                                             69465, 17.000171661376953, 288.4521789550781
136, -6609.371238648891, 2, 35.64398854499996, 622, 70087,                                             70087, 17.033567428588867, 288.5990905761719
137, 2012.8059562444687, 1, 15.782383118000325, 268, 70355,                                             70355, 17.4406795501709, 289.76385498046875
138, -2498.448447704315, 2, 5.548744965000878, 94, 70449,                                             70449, 16.23683738708496, 294.53631591796875
139, -2737.7726081609726, 3, 13.339335858000595, 216, 70665,                                             70665, 16.94770622253418, 288.3171691894531
140, 2238.568922460079, 1, 7.365490526999565, 119, 70784,                                             70784, 18.075878143310547, 290.20928955078125
141, 1988.8825656175613, 1, 19.42535851699995, 317, 71101,                                             71101, 16.776874542236328, 287.3014221191406
142, -2701.0084970593452, 2, 11.565058645000136, 200, 71301,                                             71301, 16.73491859436035, 286.8655700683594
143, -6846.8746500611305, 2, 32.03760562400021, 539, 71840,                                             71840, 17.86557388305664, 288.61907958984375
144, 2325.0286720097065, 1, 8.92328818399983, 146, 71986,                                             71986, 17.250690460205078, 290.1247863769531
145, -4219.114956557751, 2, 29.62330011100039, 522, 72508,                                             72508, 17.418607711791992, 286.455810546875
146, 2200.395091533661, 1, 11.930875897000078, 197, 72705,                                             72705, 17.514976501464844, 289.00531005859375
147, -3197.5717871189117, 2, 7.568259204000242, 132, 72837,                                             72837, 17.76336097717285, 289.5185852050781
148, 2178.622904241085, 1, 10.753302365999843, 184, 73021,                                             73021, 18.313600540161133, 290.49853515625
149, -2775.2098927497864, 2, 9.129182856000625, 151, 73172,                                             73172, 17.848773956298828, 288.92315673828125
150, 2068.237324744463, 1, 15.195803516000524, 255, 73427,                                             73427, 17.45636558532715, 291.3053283691406
151, -3185.1534286141396, 3, 19.000071157999628, 317, 73744,                                             73744, 17.970680236816406, 291.0386047363281
152, -2450.8545939922333, 3, 9.583548277999398, 160, 73904,                                             73904, 18.10756492614746, 286.9870910644531
153, 2040.2780299186707, 1, 13.33218924599987, 223, 74127,                                             74127, 18.520952224731445, 289.17205810546875
154, -2997.2515050172806, 3, 16.95244042000013, 279, 74406,                                             74406, 18.21144676208496, 288.4368896484375
155, 2414.935292303562, 1, 4.77572533700004, 75, 74481,                                             74481, 17.95826530456543, 287.44573974609375
156, 1371.844272494316, 1, 18.18043428599958, 297, 74778,                                             74778, 18.223072052001953, 289.8331604003906
157, -130.55641496181488, 1, 29.784339548999924, 499, 75277,                                             75277, 17.757593154907227, 288.44659423828125
158, -2835.0625648498535, 2, 6.351333089999571, 109, 75386,                                             75386, 18.36541748046875, 289.5384521484375
159, 1933.5622603297234, 1, 14.538033063000512, 238, 75624,                                             75624, 18.198707580566406, 288.7846984863281
160, 1748.7302533984184, 1, 17.786467894000452, 299, 75923,                                             75923, 18.873273849487305, 289.2544250488281
161, 1844.7507258951664, 1, 15.751884301000246, 258, 76181,                                             76181, 18.740575790405273, 287.79052734375
162, 2143.2012094557285, 1, 13.982672273999924, 228, 76409,                                             76409, 17.57224464416504, 288.3263854980469
163, -2898.481270134449, 2, 11.330525332999969, 186, 76595,                                             76595, 19.643901824951172, 286.7000427246094
164, -3489.1461567282677, 2, 21.012565560999974, 357, 76952,                                             76952, 17.960142135620117, 287.9046936035156
165, 2313.4506726264954, 1, 9.527096146000076, 149, 77101,                                             77101, 18.13944435119629, 292.23040771484375
166, 1788.6382728219032, 1, 18.603811769999993, 326, 77427,                                             77427, 17.978240966796875, 287.6658935546875
167, 2047.0913697481155, 1, 11.964896808999583, 198, 77625,                                             77625, 18.943714141845703, 286.8136291503906
168, -3096.8780455589294, 2, 11.732022469000185, 191, 77816,                                             77816, 17.92662811279297, 287.96319580078125
169, -2977.8442447185516, 2, 12.33965380599966, 201, 78017,                                             78017, 17.18016242980957, 290.16864013671875
170, 2178.918621003628, 1, 12.567048848000013, 208, 78225,                                             78225, 19.653976440429688, 283.1539001464844
171, 2011.5322711467743, 1, 11.22719343999961, 193, 78418,                                             78418, 18.17499351501465, 285.0878601074219
172, 1533.3294793367386, 1, 25.205631617999643, 428, 78846,                                             78846, 18.006303787231445, 285.3948669433594
173, -4023.7868224978447, 3, 26.17133029300021, 438, 79284,                                             79284, 19.17616844177246, 283.95904541015625
174, -2728.301852285862, 2, 10.993775425999956, 171, 79455,                                             79455, 17.528715133666992, 282.7853698730469
175, 554.855313628912, 1, 32.97931500499999, 525, 79980,                                             79980, 18.74507713317871, 284.2341003417969
176, 1086.2424844503403, 1, 10.370840163000139, 179, 80159,                                             80159, 18.817825317382812, 282.4151611328125
177, 1909.128183722496, 1, 20.151780865000546, 315, 80474,                                             80474, 19.071290969848633, 280.984375
178, -2426.5328806638718, 2, 4.368110714999602, 70, 80544,                                             80544, 18.72682762145996, 275.8704528808594
179, 2176.8010041713715, 1, 12.166021011000339, 194, 80738,                                             80738, 17.363082885742188, 280.50592041015625
180, 1958.35276222229, 1, 17.187606667999717, 288, 81026,                                             81026, 17.338520050048828, 279.7127990722656
181, -2548.6609963178635, 2, 5.160081252999589, 80, 81106,                                             81106, 18.344640731811523, 280.6329345703125
182, 966.5309510231018, 1, 12.166043957000511, 198, 81304,                                             81304, 18.190006256103516, 280.21185302734375
183, 893.0540456771851, 1, 21.99520513599964, 368, 81672,                                             81672, 18.523366928100586, 278.892333984375
184, 605.5962767601013, 1, 25.6012994419998, 424, 82096,                                             82096, 17.794198989868164, 278.4887390136719
185, 1978.5945505201817, 1, 13.733062115000394, 217, 82313,                                             82313, 18.413227081298828, 278.06121826171875
186, 494.1907583773136, 1, 31.221543394000037, 506, 82819,                                             82819, 18.924625396728516, 279.61212158203125
187, -3230.331713438034, 3, 8.928507702000388, 145, 82964,                                             82964, 19.345500946044922, 279.619140625
188, -6680.111439526081, 3, 32.638706443000046, 550, 83514,                                             83514, 17.442520141601562, 276.12432861328125
189, 1451.0737334936857, 1, 25.841091678999874, 424, 83938,                                             83938, 17.949506759643555, 276.0857849121094
190, 1024.860767364502, 1, 35.038424550000855, 579, 84517,                                             84517, 17.339603424072266, 276.8731994628906
191, 2148.2201702594757, 1, 12.608870260000003, 201, 84718,                                             84718, 19.092092514038086, 275.1669616699219
192, 1748.7243675887585, 1, 18.189267262000612, 299, 85017,                                             85017, 18.54505157470703, 273.59747314453125
193, -3145.330846786499, 2, 10.76364804700006, 172, 85189,                                             85189, 16.75519371032715, 275.8241882324219
194, 110.51803302764893, 1, 31.62255323499994, 514, 85703,                                             85703, 18.505748748779297, 274.2957458496094
195, 1990.911879837513, 1, 20.75964856000064, 334, 86037,                                             86037, 17.986066818237305, 274.0177917480469
196, 2173.965699970722, 1, 11.783126863000689, 183, 86220,                                             86220, 17.984968185424805, 271.9246826171875
197, 1825.7126299142838, 1, 20.55400624899994, 321, 86541,                                             86541, 16.931367874145508, 273.27545166015625
198, 2137.4693221747875, 1, 14.97868744599964, 247, 86788,                                             86788, 17.93263053894043, 272.2281494140625
199, 1505.0452131032944, 1, 23.63899055299953, 389, 87177,                                             87177, 16.978837966918945, 271.5733337402344
200, -2496.80819773674, 3, 3.70787951300008, 58, 87235,                                             87235, 14.643695831298828, 272.221435546875
201, 313.35193568468094, 1, 29.75115554199965, 477, 87712,                                             87712, 18.202207565307617, 272.81329345703125
202, 1838.115451157093, 1, 16.540760750000118, 262, 87974,                                             87974, 16.94609832763672, 271.7878723144531
203, -4168.315062820911, 1, 31.637617937999494, 530, 88504,                                             88504, 17.322654724121094, 272.2919006347656
204, 1327.399978876114, 1, 29.581018396999752, 485, 88989,                                             88989, 17.831439971923828, 273.8463134765625
205, 1602.256683588028, 1, 23.77029162100007, 379, 89368,                                             89368, 17.287797927856445, 274.3601379394531
206, 2093.944028556347, 1, 12.583385685999929, 205, 89573,                                             89573, 17.37196159362793, 275.5079345703125
207, 1465.5605572611094, 1, 23.76663887399991, 384, 89957,                                             89957, 18.581878662109375, 271.9251708984375
208, -43.92112943530083, 1, 27.42009489099928, 450, 90407,                                             90407, 18.1446590423584, 273.09307861328125
209, 1444.1580644249916, 1, 19.18992912700014, 305, 90712,                                             90712, 18.042137145996094, 272.2445373535156
210, 1819.1557384729385, 1, 25.81864929600033, 421, 91133,                                             91133, 18.332469940185547, 272.470947265625
211, -2651.178318619728, 3, 9.355532397999923, 148, 91281,                                             91281, 18.5389347076416, 267.07391357421875
212, -3340.659766435623, 2, 14.177596430000449, 218, 91499,                                             91499, 18.651561737060547, 270.8132629394531
213, 2190.458363175392, 1, 9.323263137999675, 144, 91643,                                             91643, 18.287395477294922, 271.75732421875
214, 1383.4119459092617, 1, 14.340458966999904, 230, 91873,                                             91873, 17.63193702697754, 273.5853576660156
215, 107.37417350709438, 1, 32.79198442699999, 531, 92404,                                             92404, 17.94439125061035, 270.8171691894531
216, -2290.9671919345856, 3, 2.718154558000606, 43, 92447,                                             92447, 16.50995635986328, 274.7456359863281
217, 2222.890413865447, 1, 12.57252643799984, 200, 92647,                                             92647, 18.480619430541992, 270.9593505859375
218, 1746.8493520617485, 1, 18.947463280000193, 302, 92949,                                             92949, 17.69211196899414, 269.66278076171875
219, 62.94150114059448, 1, 37.45470464200025, 608, 93557,                                             93557, 17.72875213623047, 271.8858337402344
