episode, reward, success, duration, steps, total_steps, memory length, avg_critic_loss, avg_actor_loss
1, -17936.8777718544, 2, 13.33438139700047, 830, 25579,                                             25579, 0.0, 7484.962890625
2, -7493.577161312103, 2, 10.532300548999956, 658, 26237,                                             26237, 0.0, 7214.80322265625
3, -5393.934281349182, 2, 10.557092379000096, 660, 26897,                                             26897, 0.0, 5030.220703125
4, -6956.115574836731, 2, 11.528298150999944, 702, 27599,                                             27599, 0.0, 6683.5625
5, -6113.510356664658, 2, 11.158877325000503, 661, 28260,                                             28260, 0.0, 6288.99755859375
6, -7289.393684148788, 2, 11.330797243000234, 699, 28959,                                             28959, 0.0, 4755.04541015625
7, -5659.748758792877, 2, 10.945189607999964, 679, 29638,                                             29638, 0.0, 5085.74853515625
8, -6395.189112901688, 2, 10.726446788999965, 654, 30292,                                             30292, 0.0, 6371.4990234375
9, -5103.418073415756, 2, 10.547958080999706, 644, 30936,                                             30936, 0.0, 5578.662109375
10, -6785.21036529541, 2, 10.754259174999788, 670, 31606,                                             31606, 0.0, 5158.9326171875
11, -7505.1127907037735, 2, 10.517006986000524, 641, 32247,                                             32247, 0.0, 5204.5556640625
12, -6719.9295399188995, 2, 10.953245986999718, 679, 32926,                                             32926, 0.0, 5877.748046875
13, -8354.112874269485, 2, 11.750019078999685, 744, 33670,                                             33670, 0.0, 5843.74267578125
14, -7616.614121675491, 2, 11.131534240000292, 667, 34337,                                             34337, 0.0, 5381.54736328125
15, -7542.559797048569, 2, 11.528442038999856, 701, 35038,                                             35038, 0.0, 4977.24951171875
16, -5649.5249190330505, 2, 10.758642267000141, 655, 35693,                                             35693, 0.0, 5005.25830078125
17, -6594.982944965363, 2, 10.956506778999938, 652, 36345,                                             36345, 0.0, 5046.14208984375
18, -6432.1055018901825, 2, 11.33027904499977, 687, 37032,                                             37032, 0.0, 3944.499755859375
19, -6772.395390033722, 2, 10.729754884999238, 658, 37690,                                             37690, 0.0, 4022.9248046875
20, -10422.284050107002, 2, 11.751581077000083, 720, 38410,                                             38410, 0.0, 4132.2724609375
21, -9562.640875816345, 2, 12.059816447999765, 728, 39138,                                             39138, 0.0, 3982.9560546875
22, -5718.297283411026, 2, 10.726253805999477, 643, 39781,                                             39781, 0.0, 3711.700927734375
23, -8302.104721784592, 2, 8.926775078999526, 533, 40314,                                             40314, 0.0, 3699.922119140625
24, -4681.010553359985, 2, 6.538433626999904, 400, 40714,                                             40714, 0.0, 3399.589599609375
25, -5133.638601541519, 2, 6.540892931000599, 389, 41103,                                             41103, 0.0, 3923.697021484375
26, -4282.092479109764, 2, 6.7183792920004635, 402, 41505,                                             41505, 0.0, 4461.509765625
27, -7457.454107761383, 2, 9.949596740000743, 609, 42114,                                             42114, 0.0, 4106.3291015625
28, -7094.934865236282, 2, 10.554944991999946, 648, 42762,                                             42762, 0.0, 4038.662841796875
29, -5371.880115270615, 2, 6.944392880999658, 411, 43173,                                             43173, 0.0, 3246.087646484375
30, -6859.689931631088, 2, 10.9504201740001, 676, 43849,                                             43849, 0.0, 3543.272216796875
31, -9606.55850315094, 2, 12.91221727499942, 783, 44632,                                             44632, 0.0, 3825.860107421875
32, -9298.975065231323, 2, 11.333639971999219, 673, 45305,                                             45305, 0.0, 3725.450927734375
33, -7137.469055175781, 2, 10.350288245999764, 631, 45936,                                             45936, 0.0, 3630.330810546875
34, -11398.567108869553, 2, 10.557655713000713, 654, 46590,                                             46590, 0.0, 3312.201416015625
35, -6437.188722372055, 2, 11.149703719999707, 686, 47276,                                             47276, 0.0, 3836.735107421875
36, -4787.358757019043, 2, 6.718025987999681, 398, 47674,                                             47674, 0.0, 2943.7412109375
37, -5715.880778551102, 2, 10.755036479999944, 662, 48336,                                             48336, 0.0, 3299.371337890625
38, -5803.952157258987, 2, 10.524830270000166, 640, 48976,                                             48976, 0.0, 3689.795654296875
39, -4620.060759186745, 2, 6.937120857000082, 426, 49402,                                             49402, 0.0, 3027.103759765625
40, -5828.066717386246, 2, 7.550135064000642, 433, 49835,                                             49835, 0.0, 2891.43408203125
41, -6036.701281547546, 2, 10.898982002999219, 673, 50508,                                             50508, 0.0, 3344.841064453125
42, 2830.7606670707464, 1, 7.5427782379993005, 464, 50972,                                             50972, 0.0, 3136.04736328125
43, -4096.184675455093, 2, 3.3099712319999526, 193, 51165,                                             51165, 0.0, 2524.22265625
44, -6185.607272386551, 2, 10.953861772999517, 670, 51835,                                             51835, 0.0, 3013.333251953125
45, -5721.466044425964, 2, 10.727850728999329, 648, 52483,                                             52483, 0.0, 3480.6103515625
46, -6306.308840036392, 2, 10.728839890000017, 650, 53133,                                             53133, 0.0, 2755.27978515625
47, -6030.487321138382, 2, 10.75534989100015, 664, 53797,                                             53797, 0.0, 3092.512451171875
48, -6182.679061412811, 2, 10.553387521999866, 651, 54448,                                             54448, 0.0, 3287.322509765625
49, -6400.061268568039, 2, 11.153640341999562, 678, 55126,                                             55126, 0.0, 3328.677734375
50, -5748.1462252140045, 2, 10.929014930999983, 656, 55782,                                             55782, 0.0, 3086.248291015625
51, -6300.506506443024, 2, 10.53783010799998, 645, 56427,                                             56427, 0.0, 3600.0830078125
52, -10303.150456666946, 2, 10.551838544999555, 657, 57084,                                             57084, 0.0, 3012.535888671875
53, -6130.384093284607, 2, 10.726722141999744, 642, 57726,                                             57726, 0.0, 2998.575439453125
54, -5942.956999540329, 2, 11.132802076999724, 673, 58399,                                             58399, 0.0, 3000.02001953125
55, -6213.4939658641815, 2, 11.1466492010004, 677, 59076,                                             59076, 0.0, 3024.45263671875
56, -5501.556137561798, 2, 7.116212134000307, 419, 59495,                                             59495, 0.0, 3089.06005859375
57, -9592.504040718079, 2, 10.953505593000045, 673, 60168,                                             60168, 0.0, 2995.511962890625
58, -6877.450109958649, 2, 11.12764282199987, 674, 60842,                                             60842, 0.0, 2785.0087890625
59, -5217.422686100006, 2, 6.942096619999575, 419, 61261,                                             61261, 0.0, 3223.72021484375
60, -5829.576278686523, 2, 10.92616247299975, 663, 61924,                                             61924, 0.0, 2809.496337890625
61, -5987.43536901474, 2, 11.344013721999545, 680, 62604,                                             62604, 0.0, 3021.041748046875
62, -5216.593898534775, 2, 7.121151932999965, 434, 63038,                                             63038, 0.0, 2647.20703125
63, -4760.90014564991, 2, 6.33683181699962, 390, 63428,                                             63428, 0.0, 2908.718505859375
64, -4731.8944799900055, 2, 6.336051512999802, 390, 63818,                                             63818, 0.0, 2797.58935546875
65, -5839.55826485157, 2, 11.125604367999586, 693, 64511,                                             64511, 0.0, 2830.616943359375
66, -7420.432856559753, 2, 11.129207769999994, 673, 65184,                                             65184, 0.0, 2754.253662109375
67, -5857.904490232468, 2, 11.125081346000115, 673, 65857,                                             65857, 0.0, 2938.861572265625
68, -5701.986029624939, 2, 10.956561687999965, 680, 66537,                                             66537, 0.0, 2827.8291015625
69, -6143.814409971237, 2, 11.358003085999371, 654, 67191,                                             67191, 0.0, 2620.3759765625
70, -5841.177910208702, 2, 11.328775897999549, 684, 67875,                                             67875, 0.0, 2916.893310546875
71, -6340.214359045029, 2, 10.935092220000115, 654, 68529,                                             68529, 0.0, 2798.855224609375
72, -6768.707735538483, 2, 11.151764012999593, 671, 69200,                                             69200, 0.0, 2499.92529296875
73, -5757.716892242432, 2, 10.56615662799959, 638, 69838,                                             69838, 0.0, 2411.147216796875
74, -5820.59568375349, 2, 11.730873321000217, 708, 70546,                                             70546, 0.0, 2914.437744140625
75, -4468.203374266624, 2, 6.343742959999872, 385, 70931,                                             70931, 0.0, 2821.252197265625
76, -6523.8215589523315, 2, 10.730405927000902, 646, 71577,                                             71577, 0.0, 2992.484619140625
77, -6546.440578222275, 2, 10.754917254000247, 663, 72240,                                             72240, 0.0, 2931.779296875
78, -6253.053189277649, 2, 10.725603781000245, 640, 72880,                                             72880, 0.0, 2600.2666015625
79, -6201.79080247879, 2, 10.956227329000285, 673, 73553,                                             73553, 0.0, 2676.58935546875
80, 3068.071918308735, 1, 4.111907912999413, 242, 73795,                                             73795, 0.0, 2627.16552734375
81, -5018.4823677539825, 2, 7.129425680000168, 419, 74214,                                             74214, 0.0, 2415.437744140625
82, -5657.164444684982, 2, 10.951890703999197, 653, 74867,                                             74867, 0.0, 2574.54443359375
83, -5272.5243446826935, 2, 6.918779349000033, 396, 75263,                                             75263, 0.0, 2678.259765625
84, -5651.446627020836, 2, 11.15208476799944, 660, 75923,                                             75923, 0.0, 2742.6962890625
85, -7072.046738982201, 3, 9.548687255000004, 585, 76508,                                             76508, 0.0, 2584.943115234375
86, -5060.853413581848, 2, 6.721098081000491, 404, 76912,                                             76912, 0.0, 2823.341064453125
87, -6265.317963838577, 2, 10.55135011099992, 651, 77563,                                             77563, 0.0, 2422.294189453125
88, -6010.814939916134, 2, 7.741785195000375, 468, 78031,                                             78031, 0.0, 2522.886474609375
89, -10678.30773282051, 2, 12.353436772999885, 755, 78786,                                             78786, 0.0, 2647.510986328125
90, -6354.186433792114, 2, 10.752024336000432, 663, 79449,                                             79449, 0.0, 2776.99560546875
91, -4943.492235422134, 2, 10.527080081999884, 637, 80086,                                             80086, 0.0, 2258.20556640625
92, -6213.578905582428, 2, 9.523146002999965, 556, 80642,                                             80642, 0.0, 2438.703857421875
