episode, reward, success, duration, steps, total_steps, memory length, avg_critic_loss, avg_actor_loss
1, -9582.96084678173, 2, 9.373400357999913, 450, 25053,                                             25053, 0.0, 4295.0751953125
2, -5553.566222906113, 2, 11.372802369000055, 532, 25585,                                             25585, 0.0, 5233.001953125
3, -4670.367024421692, 2, 11.135437498999977, 523, 26108,                                             26108, 0.0, 5173.83447265625
4, -5758.168961286545, 2, 11.37370212199994, 552, 26660,                                             26660, 0.0, 5905.5859375
5, -7450.815495848656, 2, 11.991499807999958, 567, 27227,                                             27227, 0.0, 4468.916015625
6, -5502.193074822426, 2, 11.729245470000023, 558, 27785,                                             27785, 0.0, 4818.0732421875
7, -5131.146601676941, 2, 11.13432559599994, 542, 28327,                                             28327, 0.0, 4525.787109375
8, -4526.942987918854, 2, 11.134719636, 519, 28846,                                             28846, 0.0, 4181.44482421875
9, -6512.218094587326, 2, 12.175766852000038, 569, 29415,                                             29415, 0.0, 4805.0712890625
10, -6235.137901067734, 2, 11.763010753000003, 556, 29971,                                             29971, 0.0, 4833.45654296875
11, -9795.481543064117, 2, 11.113520683000047, 528, 30499,                                             30499, 0.0, 3976.4716796875
12, -5198.94451379776, 2, 11.135369809000053, 521, 31020,                                             31020, 0.0, 4374.08642578125
13, -8802.147660255432, 2, 13.337971663000076, 642, 31662,                                             31662, 0.0, 3947.837890625
14, -9029.859628200531, 2, 11.780401329000028, 544, 32206,                                             32206, 0.0, 3937.642822265625
15, -9374.513991594315, 2, 14.997298153999964, 709, 32915,                                             32915, 0.0, 4196.08447265625
16, -4705.5879600048065, 2, 6.916616393000027, 333, 33248,                                             33248, 0.0, 3857.150634765625
17, 2923.862227320671, 1, 8.159243737999986, 391, 33639,                                             33639, 0.0, 3152.337890625
18, -3669.186761856079, 2, 3.3479750390000618, 133, 33772,                                             33772, 0.0, 2726.311279296875
19, -5309.851551532745, 2, 11.342227503000004, 530, 34302,                                             34302, 0.0, 4839.77294921875
20, 3035.476303398609, 1, 4.316177194999909, 190, 34492,                                             34492, 0.0, 4388.2197265625
21, -22531.626171708107, 2, 51.01426775300001, 2448, 36940,                                             36940, 0.0, 3837.7900390625
22, 3108.489692956209, 1, 3.962804355000003, 210, 37150,                                             37150, 0.0, 3171.91552734375
23, -5858.744569778442, 2, 7.369231350999939, 338, 37488,                                             37488, 0.0, 5092.7578125
24, -4327.810446977615, 2, 10.975271819, 534, 38022,                                             38022, 0.0, 3814.871337890625
25, -4852.869578123093, 2, 10.987555467999982, 525, 38547,                                             38547, 0.0, 4573.73291015625
26, -5703.668870687485, 2, 10.732026724999969, 524, 39071,                                             39071, 0.0, 3369.534423828125
27, -4819.423635482788, 2, 10.97226324899998, 522, 39593,                                             39593, 0.0, 3858.900146484375
28, -5102.997697353363, 2, 11.135885443999996, 528, 40121,                                             40121, 0.0, 3814.82177734375
29, -6087.2608478069305, 2, 11.229416592000007, 549, 40670,                                             40670, 0.0, 4442.02587890625
30, -4451.233385205269, 2, 11.18089653700008, 525, 41195,                                             41195, 0.0, 3773.76806640625
31, -13031.000720143318, 2, 24.180527053000105, 1163, 42358,                                             42358, 0.0, 3786.54052734375
32, -6150.322258234024, 2, 11.783318167000061, 537, 42895,                                             42895, 0.0, 2875.246826171875
33, -7660.650587320328, 2, 12.53179470300006, 590, 43485,                                             43485, 0.0, 3135.623779296875
34, -6134.06974196434, 2, 11.733802589000106, 565, 44050,                                             44050, 0.0, 3541.324951171875
35, -5347.5961129665375, 2, 11.334316173999923, 545, 44595,                                             44595, 0.0, 3132.58935546875
36, -4625.582110285759, 2, 11.170228943999973, 529, 45124,                                             45124, 0.0, 2712.85595703125
37, -5648.139415740967, 2, 11.574822240999993, 533, 45657,                                             45657, 0.0, 2985.68603515625
38, -5970.536411046982, 2, 11.189919142000008, 542, 46199,                                             46199, 0.0, 2706.385498046875
39, -6814.656613469124, 2, 11.933664650000082, 572, 46771,                                             46771, 0.0, 2731.931396484375
40, -10164.005965709686, 2, 22.425689549000026, 1056, 47827,                                             47827, 0.0, 2958.31005859375
41, -5298.449758052826, 2, 11.654141337000056, 525, 48352,                                             48352, 0.0, 2752.499755859375
42, -4911.367227315903, 2, 11.623526188000142, 533, 48885,                                             48885, 0.0, 2928.923828125
43, -7487.554477453232, 2, 11.98465857799988, 586, 49471,                                             49471, 0.0, 2460.5634765625
44, -5192.561999320984, 2, 10.93095374099994, 517, 49988,                                             49988, 0.0, 2543.13037109375
45, -7419.910821676254, 2, 12.138334000999976, 556, 50544,                                             50544, 0.0, 2842.7666015625
46, -5441.608170032501, 2, 11.19339302200001, 518, 51062,                                             51062, 0.0, 2105.165283203125
47, -3826.970388174057, 2, 5.718077196999957, 259, 51321,                                             51321, 0.0, 2059.42236328125
48, -5967.196320295334, 2, 11.33592780899994, 532, 51853,                                             51853, 0.0, 2720.291259765625
49, -5561.962093114853, 2, 11.785983293000072, 584, 52437,                                             52437, 0.0, 2676.953369140625
50, -4618.423956930637, 2, 11.535087685000008, 528, 52965,                                             52965, 0.0, 3067.180908203125
51, -6661.69945192337, 2, 11.897369771000058, 567, 53532,                                             53532, 0.0, 3096.271484375
52, -6205.338823795319, 2, 11.733168867999893, 560, 54092,                                             54092, 0.0, 2053.390625
53, -5484.423049688339, 2, 11.171402538000166, 551, 54643,                                             54643, 0.0, 2380.73193359375
54, -5509.765609741211, 2, 11.386667378000084, 522, 55165,                                             55165, 0.0, 2166.3544921875
55, -5965.273021936417, 2, 8.523001909999948, 420, 55585,                                             55585, 0.0, 1752.98046875
56, -8153.432453870773, 2, 11.392403688000059, 530, 56115,                                             56115, 0.0, 2887.8994140625
57, -4817.44867515564, 2, 11.131250015999967, 515, 56630,                                             56630, 0.0, 2464.5068359375
58, -8814.822431087494, 2, 11.330066244999898, 538, 57168,                                             57168, 0.0, 2393.4921875
59, -6835.353505849838, 2, 12.13751073200001, 564, 57732,                                             57732, 0.0, 1907.29833984375
60, -5554.247979044914, 2, 11.792936615999906, 563, 58295,                                             58295, 0.0, 2264.504638671875
61, -7542.28765463829, 2, 13.22567319399991, 626, 58921,                                             58921, 0.0, 2353.493896484375
62, -7668.163690328598, 2, 11.334772665999935, 521, 59442,                                             59442, 0.0, 1546.040771484375
63, -7824.89497089386, 2, 12.185409758999867, 565, 60007,                                             60007, 0.0, 1867.1162109375
64, 2728.0847150087357, 1, 4.714420380999854, 210, 60217,                                             60217, 0.0, 2111.060546875
65, -4914.238898277283, 2, 7.179611097999896, 335, 60552,                                             60552, 0.0, 2325.561279296875
66, -6398.209265470505, 2, 12.782330553000065, 588, 61140,                                             61140, 0.0, 1966.5599365234375
67, -5871.849414229393, 2, 12.573957395999969, 602, 61742,                                             61742, 0.0, 2126.714599609375
68, -5598.25026345253, 2, 11.130246136999858, 530, 62272,                                             62272, 0.0, 2520.5185546875
69, -5254.720309495926, 2, 6.361607109000033, 307, 62579,                                             62579, 0.0, 3150.27587890625
70, -6683.707760334015, 2, 12.530786860000035, 589, 63168,                                             63168, 0.0, 2831.4453125
71, -6124.747293710709, 2, 12.489495789000102, 612, 63780,                                             63780, 0.0, 2410.763427734375
72, -4100.299805402756, 2, 7.11886868900001, 327, 64107,                                             64107, 0.0, 2453.08154296875
73, -5393.643336772919, 2, 11.184063265000077, 528, 64635,                                             64635, 0.0, 2030.6697998046875
74, 3075.4759781956673, 1, 4.388603112999817, 208, 64843,                                             64843, 0.0, 2213.41357421875
75, -4700.638604640961, 2, 7.561028469999883, 341, 65184,                                             65184, 0.0, 2035.4788818359375
76, -8828.865138530731, 2, 16.155555124000102, 762, 65946,                                             65946, 0.0, 2170.81787109375
77, -9217.910992860794, 2, 14.546459718999813, 674, 66620,                                             66620, 0.0, 2364.643798828125
78, -5743.072767496109, 2, 11.372449978000077, 546, 67166,                                             67166, 0.0, 2604.74853515625
79, -4431.718341112137, 2, 11.129653125000004, 514, 67680,                                             67680, 0.0, 2763.00634765625
80, -5193.338721513748, 2, 12.188580544999922, 603, 68283,                                             68283, 0.0, 3082.819091796875
81, -11772.41374862194, 2, 36.340479204000076, 1690, 69973,                                             69973, 0.0, 2566.376708984375
82, -9260.606390953064, 2, 20.95867168000018, 1013, 70986,                                             70986, 0.0, 1978.7569580078125
83, -10119.446554899216, 2, 37.80702636900014, 1769, 72755,                                             72755, 0.0, 1938.3702392578125
84, -5330.602477550507, 2, 8.130475042999933, 361, 73116,                                             73116, 0.0, 2218.96044921875
85, -6214.366919994354, 2, 11.537315282999998, 558, 73674,                                             73674, 0.0, 2497.7841796875
86, -6526.296081781387, 2, 11.384244386999853, 529, 74203,                                             74203, 0.0, 1549.43115234375
87, -6913.70036649704, 2, 11.570127274000015, 575, 74778,                                             74778, 0.0, 2868.91162109375
88, -12213.501016497612, 2, 44.45982897700014, 2145, 76923,                                             76923, 0.0, 2292.31591796875
89, -11761.299661278725, 1, 32.80192232400009, 1538, 78461,                                             78461, 0.0, 1803.7298583984375
90, -4906.1060473918915, 3, 15.600121719000072, 734, 79195,                                             79195, 0.0, 3046.738037109375
91, -1641.5583538413048, 1, 16.293933128999925, 743, 79938,                                             79938, 0.0, 2484.24658203125
92, -4089.4428654909134, 2, 3.91760133899993, 165, 80103,                                             80103, 0.0, 1742.960205078125
93, -8685.931422114372, 2, 13.391172516000097, 608, 80711,                                             80711, 0.0, 3027.732177734375
94, -7832.4591200351715, 2, 12.933074214000044, 588, 81299,                                             81299, 0.0, 2066.854248046875
95, -9520.563452243805, 2, 19.389699493999842, 933, 82232,                                             82232, 0.0, 2142.151123046875
96, -6691.025308609009, 2, 12.933673465000084, 605, 82837,                                             82837, 0.0, 2342.44580078125
97, -8513.37184882164, 2, 12.540028244000041, 602, 83439,                                             83439, 0.0, 1730.5440673828125
98, -5380.1548936367035, 2, 12.184977524000033, 554, 83993,                                             83993, 0.0, 1932.1103515625
99, -12150.755461335182, 2, 36.592983875999835, 1762, 85755,                                             85755, 0.0, 2463.625244140625
100, -4607.772415161133, 2, 11.184772840000278, 507, 86262,                                             86262, 0.0, 1825.326416015625
101, -9211.082357764244, 2, 21.19718708499977, 995, 87257,                                             87257, 0.0, 2763.8779296875
102, -6906.500414133072, 2, 13.976836077999906, 648, 87905,                                             87905, 0.0, 1840.65283203125
103, -5665.607895672321, 2, 11.582613777999995, 545, 88450,                                             88450, 0.0, 2422.836669921875
104, -5426.458468675613, 2, 11.733613759000036, 535, 88985,                                             88985, 0.0, 2012.1544189453125
105, -14092.956049442291, 4, 52.090922969000076, 2465, 91450,                                             91450, 0.0, 2703.52490234375
106, -12177.448536396027, 4, 52.25366994600017, 2446, 93896,                                             93896, 0.0, 2262.84716796875
107, -9917.050540447235, 4, 52.076978849999705, 2478, 96374,                                             96374, 0.0, 2185.33447265625
108, -6429.871655225754, 2, 11.738466940999842, 527, 96901,                                             96901, 0.0, 2689.08056640625
109, -16124.521459937096, 2, 46.670399977000216, 2188, 99089,                                             99089, 0.0, 2161.21484375
110, 2479.889769554138, 1, 9.775060950999887, 441, 99530,                                             99530, 0.0, 2717.186279296875
111, 1818.0891706347466, 1, 13.867092326000147, 614, 100144,                                             100144, 0.0, 1800.6868896484375
112, -4278.655684828758, 2, 7.9608915899998465, 385, 100529,                                             100529, 0.0, 2513.64501953125
113, -8564.437862873077, 2, 22.162327588000153, 1049, 101578,                                             101578, 0.0, 2258.23583984375
114, 23.055373698472977, 1, 22.808091226000215, 1045, 102623,                                             102623, 0.0, 2143.45166015625
115, -7279.419646024704, 2, 15.199183946000176, 699, 103322,                                             103322, 0.0, 3040.2431640625
116, -4146.6112023591995, 2, 7.12013282099997, 331, 103653,                                             103653, 0.0, 3336.562255859375
117, -5089.367429733276, 2, 6.977149988000292, 320, 103973,                                             103973, 0.0, 1748.936767578125
118, 3393.3860464841127, 1, 3.9581880419996196, 179, 104152,                                             104152, 0.0, 4643.4638671875
119, -5188.303257226944, 2, 6.520126882000113, 282, 104434,                                             104434, 0.0, 1979.36279296875
120, 2579.5727458000183, 1, 8.381215279000116, 386, 104820,                                             104820, 0.0, 2580.286865234375
121, -4390.794505596161, 2, 3.614910237999993, 167, 104987,                                             104987, 0.0, 3063.40869140625
122, 2586.960201740265, 1, 8.528224846000285, 399, 105386,                                             105386, 0.0, 2070.725830078125
123, -15401.630847036839, 2, 47.23698945900014, 2228, 107614,                                             107614, 0.0, 2737.49072265625
124, -13067.582610487938, 2, 38.656006713999886, 1774, 109388,                                             109388, 0.0, 3171.657470703125
125, -8449.082780241966, 2, 30.377384584999618, 1401, 110789,                                             110789, 0.0, 3000.647705078125
126, -13291.475311875343, 4, 51.6902958859996, 2445, 113234,                                             113234, 0.0, 2712.42333984375
127, -10842.12739610672, 2, 36.80575513700023, 1698, 114932,                                             114932, 0.0, 2340.05126953125
128, -8971.770695447922, 4, 52.08200057499971, 2395, 117327,                                             117327, 0.0, 2840.853759765625
129, -6279.6496777534485, 2, 11.732398369999828, 537, 117864,                                             117864, 0.0, 2430.13037109375
130, 3222.503863543272, 1, 4.316563604999828, 182, 118046,                                             118046, 0.0, 1842.33349609375
131, -7739.054268240929, 2, 25.648584478999965, 1225, 119271,                                             119271, 0.0, 2366.966064453125
132, -15587.638358712196, 4, 52.084494735000135, 2412, 121683,                                             121683, 0.0, 2911.274658203125
133, -9972.37454867363, 4, 52.251848691000305, 2423, 124106,                                             124106, 0.0, 2788.9150390625
134, -12844.231443881989, 2, 39.03904920900004, 1839, 125945,                                             125945, 0.0, 2643.986328125
135, -10089.3954154253, 4, 52.11166320299981, 2433, 128378,                                             128378, 0.0, 2558.774658203125
136, 3272.905528753996, 1, 4.108824640999956, 182, 128560,                                             128560, 0.0, 2247.85498046875
137, -11193.545081973076, 4, 52.49661426500006, 2442, 131002,                                             131002, 0.0, 2517.5654296875
138, 2849.5585399866104, 1, 8.324182633000419, 371, 131373,                                             131373, 0.0, 2189.499755859375
139, -13621.454049110413, 2, 45.06364322300033, 2097, 133470,                                             133470, 0.0, 2635.373291015625
140, -15245.638805508614, 2, 52.2406115509998, 2410, 135880,                                             135880, 0.0, 2415.052490234375
141, -8874.76151394844, 2, 21.666378825000265, 1041, 136921,                                             136921, 0.0, 2637.6103515625
142, -13249.196635812521, 4, 52.69944690500006, 2385, 139306,                                             139306, 0.0, 2380.89794921875
143, -12720.379479289055, 4, 52.045795952999924, 2421, 141727,                                             141727, 0.0, 2219.44921875
144, -9989.681886196136, 4, 51.699697276999814, 2401, 144128,                                             144128, 0.0, 2592.27392578125
145, -13451.051858007908, 4, 52.0455808910001, 2368, 146496,                                             146496, 0.0, 2339.0458984375
146, -19590.05018055439, 3, 51.29159373600032, 2406, 148902,                                             148902, 0.0, 2156.774169921875
147, -15134.212134718895, 2, 51.87907649800036, 2366, 151268,                                             151268, 0.0, 2089.343505859375
148, -11205.49857866764, 4, 52.29126244100007, 2373, 153641,                                             153641, 0.0, 2181.89892578125
149, -12526.400281965733, 3, 47.441925558000094, 2182, 155823,                                             155823, 0.0, 2388.09765625
150, -14364.626763045788, 2, 51.85269417099971, 2316, 158139,                                             158139, 0.0, 2413.609130859375
151, -10430.904227614403, 4, 52.50750756999969, 2530, 160669,                                             160669, 0.0, 2481.583251953125
152, 3259.8942608237267, 1, 4.570734629000071, 190, 160859,                                             160859, 0.0, 2959.89794921875
153, -14396.188331007957, 4, 68.89491483600023, 2617, 163476,                                             163476, 0.0, 2303.4775390625
154, -12239.474263429642, 4, 79.37141789399993, 2614, 166090,                                             166090, 0.0, 2246.224365234375
155, -13739.044845044613, 4, 58.78769385099986, 2576, 168666,                                             168666, 0.0, 2280.620361328125
156, -10988.64850628376, 2, 43.90225868400012, 1831, 170497,                                             170497, 0.0, 2230.70947265625
157, -10193.18398141861, 2, 36.03365952200011, 1514, 172011,                                             172011, 0.0, 2104.002685546875
158, 1459.699956893921, 1, 19.411963231999835, 818, 172829,                                             172829, 0.0, 2169.345703125
159, -12962.029637992382, 4, 64.79691092800022, 2671, 175500,                                             175500, 0.0, 2437.09619140625
160, 1555.258037596941, 1, 15.58865738600025, 782, 176282,                                             176282, 0.0, 1763.544921875
161, -5996.394984483719, 2, 16.183509828999377, 778, 177060,                                             177060, 0.0, 2001.2498779296875
162, -110.69281047582626, 1, 24.20289155499995, 1090, 178150,                                             178150, 0.0, 1554.243408203125
163, -5211.567894876003, 2, 13.912516983999922, 430, 178580,                                             178580, 0.0, 1389.75048828125
164, 3079.487094372511, 1, 4.762464890999581, 198, 178778,                                             178778, 0.0, 2476.01416015625
165, -8623.335108041763, 2, 28.797280147000492, 1299, 180077,                                             180077, 0.0, 1884.0833740234375
166, -10853.30840176344, 2, 39.88301447199956, 1496, 181573,                                             181573, 0.0, 2371.484375
167, -1310.2780767679214, 1, 29.630983825999465, 1187, 182760,                                             182760, 0.0, 2260.822021484375
168, -16649.429853200912, 4, 56.74435205999998, 2605, 185365,                                             185365, 0.0, 2700.086181640625
169, -13770.403087377548, 2, 50.25463656699958, 2346, 187711,                                             187711, 0.0, 2406.81982421875
170, -19319.435121536255, 3, 44.67219202400065, 2149, 189860,                                             189860, 0.0, 2595.362548828125
171, -4826.677315711975, 2, 7.572604222999871, 375, 190235,                                             190235, 0.0, 3255.82177734375
172, -12663.845440089703, 4, 52.46109797400004, 2605, 192840,                                             192840, 0.0, 2409.85595703125
173, -13238.512594521046, 2, 86.94700041999931, 2392, 195232,                                             195232, 0.0, 2472.7216796875
174, -9780.578892409801, 4, 74.07737356599955, 2568, 197800,                                             197800, 0.0, 2085.298095703125
175, -13940.321550011635, 4, 73.27467805100059, 2606, 200406,                                             200406, 0.0, 2638.107666015625
176, -13151.704155087471, 4, 90.74428118099968, 2703, 203109,                                             203109, 0.0, 2425.300048828125
177, -11972.864551186562, 4, 55.32004093999967, 2583, 205692,                                             205692, 0.0, 2086.703125
178, -11928.213357806206, 4, 53.043562615000155, 2647, 208339,                                             208339, 0.0, 2476.11376953125
179, -12969.573642253876, 4, 52.09628576100022, 2632, 210971,                                             210971, 0.0, 2775.073974609375
180, 2931.4971801638603, 1, 8.124927507000393, 391, 211362,                                             211362, 0.0, 2935.48974609375
181, -14275.677444159985, 2, 46.27047307700013, 2273, 213635,                                             213635, 0.0, 2221.848388671875
182, 2967.695547223091, 1, 4.5150066870000956, 221, 213856,                                             213856, 0.0, 2466.080078125
183, -13884.62107771635, 4, 53.5460432280006, 2675, 216531,                                             216531, 0.0, 2478.46533203125
184, -658.3005607128143, 1, 24.55537887600076, 1180, 217711,                                             217711, 0.0, 2254.620361328125
185, -11963.268159210682, 2, 32.80428686100004, 1619, 219330,                                             219330, 0.0, 2556.95849609375
186, 2816.0554010272026, 1, 8.768930223000098, 416, 219746,                                             219746, 0.0, 2769.00244140625
187, -12374.401176452637, 2, 45.03296273200067, 2187, 221933,                                             221933, 0.0, 2519.952880859375
188, 2740.88125538826, 1, 9.978034636000302, 420, 222353,                                             222353, 0.0, 3074.025634765625
189, 1530.700222671032, 1, 12.539969856000425, 622, 222975,                                             222975, 0.0, 2659.061279296875
190, -5434.29790943861, 2, 8.986074958000245, 456, 223431,                                             223431, 0.0, 2128.69775390625
191, -11250.984483242035, 2, 28.821832469000583, 1397, 224828,                                             224828, 0.0, 2062.36962890625
192, -9832.641805052757, 4, 52.123416914999325, 2589, 227417,                                             227417, 0.0, 2279.513916015625
193, 1741.2027290165424, 1, 12.538476323000395, 590, 228007,                                             228007, 0.0, 2639.243408203125
194, -9121.492232203484, 2, 20.52851362199999, 998, 229005,                                             229005, 0.0, 2219.747314453125
195, -11659.08363288641, 4, 53.492594232000556, 2627, 231632,                                             231632, 0.0, 2341.117431640625
196, 2822.0169965028763, 1, 8.323300227999425, 407, 232039,                                             232039, 0.0, 2113.9248046875
197, -13955.43597483635, 2, 50.438751829000466, 2536, 234575,                                             234575, 0.0, 2416.392333984375
198, -13203.852738440037, 4, 52.27976162300001, 2645, 237220,                                             237220, 0.0, 2461.348388671875
199, -13289.69509780407, 4, 52.24190642099984, 2688, 239908,                                             239908, 0.0, 2086.396728515625
200, -11278.923494577408, 4, 52.07984501699957, 2632, 242540,                                             242540, 0.0, 2217.432373046875
201, -13387.08440554142, 4, 52.974625728999854, 2623, 245163,                                             245163, 0.0, 2416.406005859375
202, -11031.058436334133, 4, 52.33560633900015, 2684, 247847,                                             247847, 0.0, 2614.447021484375
203, -5643.982919961214, 1, 77.70874861500033, 2020, 249867,                                             249867, 0.0, 2146.892333984375
204, -5809.508195519447, 2, 16.143064583000523, 590, 250457,                                             250457, 0.0, 2045.570556640625
205, -9260.48963546753, 4, 55.660788857000625, 2168, 252625,                                             252625, 0.0, 2459.94140625
206, -12475.173647642136, 2, 39.65132669400009, 1665, 254290,                                             254290, 0.0, 2246.0107421875
207, -9608.137441277504, 4, 52.648193813000034, 2220, 256510,                                             256510, 0.0, 2445.26025390625
208, -9759.461584746838, 4, 52.10698159599997, 2219, 258729,                                             258729, 0.0, 2096.264404296875
209, 2842.684806317091, 1, 8.319795561999854, 347, 259076,                                             259076, 0.0, 2823.033447265625
210, -10849.75363355875, 4, 52.533263603000705, 2242, 261318,                                             261318, 0.0, 2385.100341796875
211, -12354.06073743105, 2, 35.24628824699994, 1514, 262832,                                             262832, 0.0, 2757.6298828125
212, -4368.446091413498, 2, 7.325803527000062, 307, 263139,                                             263139, 0.0, 2101.090087890625
213, -3747.5664170384407, 1, 43.26589281999986, 1861, 265000,                                             265000, 0.0, 2249.6396484375
214, -6417.986280202866, 2, 14.739487236999594, 619, 265619,                                             265619, 0.0, 2549.578369140625
215, -4768.86266297102, 3, 9.778248796999833, 419, 266038,                                             266038, 0.0, 2328.362060546875
216, -1763.1931325495243, 1, 18.551564653999776, 775, 266813,                                             266813, 0.0, 2117.107177734375
217, -3696.078195333481, 2, 4.319869410000138, 163, 266976,                                             266976, 0.0, 2919.156005859375
218, -7740.745611190796, 2, 15.59404092099976, 668, 267644,                                             267644, 0.0, 1571.609130859375
219, -11288.25447845459, 2, 31.249337809999815, 1336, 268980,                                             268980, 0.0, 2456.896484375
220, -4594.824840307236, 2, 7.530799291999756, 308, 269288,                                             269288, 0.0, 2909.3486328125
221, -11527.137930870056, 2, 31.346122568000283, 1347, 270635,                                             270635, 0.0, 2313.845703125
222, -4806.732416033745, 3, 9.400499210999442, 406, 271041,                                             271041, 0.0, 1625.3480224609375
223, -6951.740227222443, 2, 20.222681250000278, 833, 271874,                                             271874, 0.0, 2202.239013671875
224, -8549.72879242897, 2, 31.180487186999926, 1320, 273194,                                             273194, 0.0, 2562.297607421875
225, -9317.589634299278, 4, 51.90273332800007, 2195, 275389,                                             275389, 0.0, 2448.67626953125
226, -9771.561298012733, 4, 52.682493238999996, 2192, 277581,                                             277581, 0.0, 2135.51953125
227, -12951.226595520973, 4, 51.49838098300006, 2219, 279800,                                             279800, 0.0, 2042.2701416015625
228, -12356.344029545784, 4, 52.44904296100049, 2458, 282258,                                             282258, 0.0, 2384.587158203125
229, 2920.3693718612194, 1, 8.122792394000498, 407, 282665,                                             282665, 0.0, 2271.097900390625
230, -15341.277404665947, 4, 52.64872779400048, 2604, 285269,                                             285269, 0.0, 2341.73046875
231, -12523.62271952629, 2, 45.6622786450007, 2223, 287492,                                             287492, 0.0, 2448.2216796875
232, -13129.871404528618, 4, 52.241564663000645, 2602, 290094,                                             290094, 0.0, 2223.3212890625
233, -11871.19164186716, 4, 52.890774629999214, 2584, 292678,                                             292678, 0.0, 2379.5322265625
234, -10701.561680316925, 4, 52.681172145000346, 2589, 295267,                                             295267, 0.0, 2475.133544921875
235, -13255.713198423386, 4, 54.874315203999686, 2565, 297832,                                             297832, 0.0, 2115.76220703125
236, -13466.378934383392, 4, 57.29916542899991, 2541, 300373,                                             300373, 0.0, 2287.384765625
237, -10924.293163776398, 2, 19.40455111799929, 884, 301257,                                             301257, 0.0, 2034.5792236328125
238, 908.2392084598541, 1, 18.17296702800013, 807, 302064,                                             302064, 0.0, 1962.0443115234375
239, -14797.409753084183, 2, 54.88097564899999, 2419, 304483,                                             304483, 0.0, 1967.1136474609375
240, -17188.066619038582, 3, 65.56582132699987, 2414, 306897,                                             306897, 0.0, 2021.2220458984375
241, -12403.419377446175, 2, 48.70372301400039, 1580, 308477,                                             308477, 0.0, 1908.149658203125
242, 3254.097725570202, 1, 8.188899765000315, 199, 308676,                                             308676, 0.0, 2127.348876953125
243, -17236.356309831142, 4, 52.664824969999245, 2819, 311495,                                             311495, 0.0, 2411.952392578125
244, 2172.0255019962788, 1, 8.54676845100039, 461, 311956,                                             311956, 0.0, 2347.37939453125
245, -14362.413326859474, 2, 40.81289284000013, 2149, 314105,                                             314105, 0.0, 2285.4423828125
246, -16887.52712136507, 4, 50.02839659900019, 2794, 316899,                                             316899, 0.0, 2374.78515625
247, -3443.833968639374, 1, 30.599866978000136, 1719, 318618,                                             318618, 0.0, 2576.67138671875
248, -1543.422259569168, 1, 20.952132962999713, 1161, 319779,                                             319779, 0.0, 1956.8526611328125
249, -8119.107170701027, 2, 8.527386756999476, 451, 320230,                                             320230, 0.0, 2013.936767578125
250, -15750.564529180527, 2, 39.60540927800048, 2202, 322432,                                             322432, 0.0, 2277.0400390625
251, -6211.565147072077, 1, 31.745318817000225, 1750, 324182,                                             324182, 0.0, 2133.889404296875
252, -8214.793628454208, 3, 17.545449730000655, 967, 325149,                                             325149, 0.0, 2515.120361328125
253, -12953.925631642342, 4, 50.02106297099999, 2778, 327927,                                             327927, 0.0, 2070.614013671875
254, -17671.95465171337, 2, 48.446052710000004, 2656, 330583,                                             330583, 0.0, 2434.180419921875
255, 186.08498960733414, 1, 8.946378136000021, 498, 331081,                                             331081, 0.0, 2544.356689453125
256, -20611.097266554832, 2, 44.205676315000346, 2438, 333519,                                             333519, 0.0, 2089.7587890625
257, -5821.7018213272095, 3, 9.148019191999992, 501, 334020,                                             334020, 0.0, 3027.198486328125
258, -9154.563814640045, 1, 41.82914611399974, 2311, 336331,                                             336331, 0.0, 2334.02880859375
259, -11122.020365297794, 2, 25.965271682000093, 1409, 337740,                                             337740, 0.0, 2108.52099609375
260, -15187.749404907227, 2, 30.808530056000563, 1709, 339449,                                             339449, 0.0, 2092.85546875
261, 2463.7304133176804, 1, 8.445667505000529, 447, 339896,                                             339896, 0.0, 3292.869384765625
262, -11162.8433201015, 1, 26.996159194999564, 1523, 341419,                                             341419, 0.0, 2339.820556640625
263, -5402.942773342133, 3, 9.324654902000475, 508, 341927,                                             341927, 0.0, 3455.485107421875
264, -14900.319860219955, 4, 52.473181454999576, 2657, 344584,                                             344584, 0.0, 2437.956787109375
265, -13436.515955209732, 4, 49.844830967000235, 2770, 347354,                                             347354, 0.0, 2451.735107421875
266, -9273.637251377106, 2, 15.774972350000098, 890, 348244,                                             348244, 0.0, 2301.557861328125
267, -18957.928681850433, 2, 40.19503191599961, 2227, 350471,                                             350471, 0.0, 2950.86865234375
268, -4634.278101563454, 2, 7.139186394000717, 391, 350862,                                             350862, 0.0, 2501.431396484375
269, -5929.644376039505, 1, 42.83262649199969, 2353, 353215,                                             353215, 0.0, 2594.50341796875
270, -8173.106950521469, 2, 14.535046626000621, 807, 354022,                                             354022, 0.0, 2246.853515625
271, -9550.902127504349, 2, 21.085565465999935, 1143, 355165,                                             355165, 0.0, 2648.521728515625
272, -13366.578661680222, 4, 50.64417626699924, 2755, 357920,                                             357920, 0.0, 2719.080322265625
273, -10006.276203870773, 2, 29.79725042500013, 1643, 359563,                                             359563, 0.0, 2208.105224609375
274, 3091.1794471144676, 1, 4.3075772789998155, 219, 359782,                                             359782, 0.0, 3370.375244140625
275, -13402.292856931686, 4, 49.82837167700109, 2744, 362526,                                             362526, 0.0, 2599.963623046875
276, 477.9109362959862, 1, 8.543977311999697, 486, 363012,                                             363012, 0.0, 2451.05419921875
277, -15249.534671545029, 4, 50.82850351099842, 2776, 365788,                                             365788, 0.0, 2493.253173828125
278, 3032.7978187203407, 1, 4.139219328999388, 217, 366005,                                             366005, 0.0, 2373.93212890625
279, -16942.31274998188, 2, 49.86070117700001, 2750, 368755,                                             368755, 0.0, 2284.24609375
280, 2690.442902624607, 1, 8.322964508999576, 421, 369176,                                             369176, 0.0, 2618.557373046875
281, -12931.022008180618, 4, 50.40052912399915, 2708, 371884,                                             371884, 0.0, 2098.8603515625
282, -13972.297206521034, 2, 46.822335254999416, 2512, 374396,                                             374396, 0.0, 2527.35400390625
283, 2610.933132350445, 1, 8.525177995001286, 453, 374849,                                             374849, 0.0, 2891.557861328125
284, 400.30334466695786, 1, 19.35849267699996, 1066, 375915,                                             375915, 0.0, 2687.015625
285, -5728.112381339073, 2, 20.355865481000365, 1092, 377007,                                             377007, 0.0, 2370.902587890625
286, -12015.087139844894, 4, 50.65401007999935, 2757, 379764,                                             379764, 0.0, 2433.050048828125
287, -13330.03136909008, 4, 50.837136809001095, 2785, 382549,                                             382549, 0.0, 2562.461669921875
288, -1086.730864316225, 1, 27.196612883000853, 1458, 384007,                                             384007, 0.0, 2059.94287109375
289, -22039.91868531704, 4, 50.62580375499965, 2751, 386758,                                             386758, 0.0, 2879.188720703125
290, -15465.622413635254, 4, 50.64531938300024, 2734, 389492,                                             389492, 0.0, 2246.783203125
291, -12775.378903865814, 4, 49.96353728500071, 2676, 392168,                                             392168, 0.0, 2739.122802734375
292, -15357.66031831503, 4, 52.2508481370005, 2726, 394894,                                             394894, 0.0, 2882.0673828125
293, -667.0602023005486, 1, 20.38344158200016, 1054, 395948,                                             395948, 0.0, 2616.975341796875
294, -13084.836299985647, 2, 43.61582026599899, 2320, 398268,                                             398268, 0.0, 2697.6240234375
295, -12320.027651786804, 4, 49.638723182999456, 2725, 400993,                                             400993, 0.0, 2399.432373046875
296, -9081.24449467659, 2, 20.55469925199941, 1094, 402087,                                             402087, 0.0, 2815.3486328125
297, -301.13332465291023, 1, 20.59203413600153, 1024, 403111,                                             403111, 0.0, 2398.283447265625
298, 1982.8852353096008, 1, 9.726165670999762, 495, 403606,                                             403606, 0.0, 2881.011474609375
299, -8494.33263400197, 1, 44.81628314699992, 2326, 405932,                                             405932, 0.0, 2378.52587890625
300, -5251.032791733742, 2, 3.541622978000305, 169, 406101,                                             406101, 0.0, 1754.1405029296875
301, -13585.7776953578, 4, 49.6084967379993, 2714, 408815,                                             408815, 0.0, 2435.26806640625
302, -11703.895857453346, 4, 50.03225355699942, 2662, 411477,                                             411477, 0.0, 2500.361328125
